2463	1
5940	2
9436	3
4287	4
2471	5
4896	6
3402	7
4126	8
881	9
1523	10
8590	11
2232	12
2436	13
7409	14
9471	15
8675	16
3351	17
4120	18
8185	19
1221	20
6151	21
5888	22
5753	23
8601	24
4377	25
9764	26
4391	27
9146	28
6408	29
178	30
1679	31
700	32
5911	33
1491	34
7202	35
6087	36
8589	37
298	38
7275	39
8649	40
5227	41
8567	42
2151	43
2321	44
9360	45
1209	46
1572	47
2253	48
1292	49
2139	50
4049	51
2481	52
3246	53
2763	54
7873	55
5705	56
3605	57
3703	58
2226	59
9896	60
647	61
6286	62
607	63
1308	64
3724	65
6464	66
1669	67
1502	68
7887	69
8147	70
2832	71
4660	72
9710	73
9029	74
5395	75
4422	76
6294	77
1954	78
4941	79
2679	80
4798	81
9745	82
4885	83
5574	84
3558	85
8370	86
2176	87
5360	88
6372	89
492	90
9952	91
8757	92
4851	93
670	94
8665	95
3503	96
462	97
72	98
6315	99
8755	100
3141	101
5349	102
1722	103
6858	104
8959	105
7445	106
2264	107
286	108
2310	109
1176	110
3311	111
2873	112
2651	113
2063	114
7761	115
1869	116
9203	117
9014	118
3126	119
6988	120
7007	121
661	122
1062	123
2500	124
1446	125
9634	126
8210	127
67	128
7987	129
9129	130
4399	131
2337	132
4486	133
745	134
7831	135
6997	136
6676	137
3623	138
1645	139
6631	140
5407	141
9791	142
6182	143
9138	144
2977	145
8538	146
5119	147
4135	148
6687	149
6985	150
6602	151
183	152
5295	153
5175	154
8211	155
1067	156
5737	157
4046	158
8155	159
3563	160
3219	161
7396	162
5470	163
5896	164
8085	165
9679	166
1082	167
8291	168
7267	169
7088	170
9172	171
6512	172
1896	173
6731	174
9376	175
6235	176
6957	177
2380	178
650	179
645	180
5715	181
3321	182
6599	183
4193	184
6440	185
2315	186
8816	187
9943	188
7	189
5596	190
4275	191
115	192
8180	193
3490	194
9616	195
323	196
9650	197
8621	198
8986	199
5563	200
9468	201
7389	202
7923	203
3317	204
9435	205
1762	206
3333	207
1885	208
6536	209
1243	210
9217	211
3334	212
6505	213
7618	214
7640	215
9396	216
143	217
9613	218
6971	219
9888	220
6135	221
4778	222
8945	223
905	224
1703	225
6855	226
1377	227
8560	228
3267	229
8503	230
6777	231
6417	232
109	233
5748	234
1750	235
255	236
7191	237
7321	238
3869	239
1881	240
7846	241
168	242
1982	243
9683	244
8804	245
9197	246
4671	247
3455	248
448	249
236	250
2387	251
3593	252
1224	253
8224	254
1210	255
3036	256
6712	257
2496	258
5477	259
6680	260
1223	261
3205	262
5873	263
822	264
8472	265
8064	266
2785	267
6199	268
6002	269
8455	270
3408	271
9645	272
8925	273
7285	274
7688	275
6627	276
8672	277
3599	278
8236	279
8961	280
2605	281
430	282
856	283
7420	284
7201	285
6990	286
5370	287
8004	288
4426	289
4304	290
2795	291
3441	292
9612	293
1766	294
9141	295
3948	296
2241	297
2235	298
1295	299
3833	300
929	301
331	302
4432	303
2330	304
6801	305
4594	306
7090	307
5058	308
6053	309
970	310
5246	311
6897	312
7827	313
1488	314
3329	315
6006	316
3662	317
1842	318
1734	319
1410	320
415	321
7233	322
8044	323
9884	324
5669	325
4999	326
2809	327
1027	328
4044	329
2322	330
692	331
8743	332
1070	333
2495	334
1580	335
1455	336
7240	337
9090	338
5732	339
2475	340
6014	341
7486	342
6200	343
7728	344
2519	345
3592	346
9933	347
9391	348
6035	349
8857	350
9732	351
4061	352
7028	353
8230	354
4693	355
767	356
2484	357
3	358
1801	359
7342	360
9057	361
2411	362
8095	363
6742	364
1989	365
8494	366
884	367
867	368
6775	369
2876	370
9490	371
7693	372
8928	373
8384	374
9405	375
3276	376
668	377
931	378
2692	379
2327	380
7118	381
146	382
7359	383
3969	384
5411	385
354	386
3198	387
1623	388
9506	389
4188	390
6456	391
6903	392
7974	393
9508	394
206	395
632	396
8402	397
8462	398
1617	399
7237	400
6144	401
7997	402
8790	403
7783	404
7038	405
9033	406
3587	407
3643	408
2499	409
5434	410
5707	411
2961	412
4916	413
544	414
3282	415
8333	416
5837	417
3482	418
5635	419
4279	420
3145	421
2213	422
4635	423
7238	424
7434	425
9580	426
7642	427
1304	428
36	429
1933	430
9085	431
5420	432
1117	433
1683	434
1392	435
6517	436
9399	437
2070	438
2926	439
3093	440
4517	441
5735	442
2094	443
6675	444
4246	445
8863	446
4814	447
7300	448
2435	449
5778	450
6375	451
5274	452
7372	453
3820	454
23	455
5143	456
3557	457
605	458
7206	459
6932	460
7036	461
6908	462
1743	463
9931	464
7062	465
2944	466
4428	467
5578	468
2127	469
1944	470
1945	471
3055	472
9120	473
8576	474
4060	475
2051	476
2458	477
3517	478
5179	479
9401	480
3017	481
1220	482
4591	483
9688	484
3754	485
762	486
1638	487
3149	488
1932	489
8227	490
3647	491
2501	492
8205	493
2417	494
3748	495
8421	496
5882	497
7176	498
4013	499
9132	500
5483	501
2446	502
8697	503
3638	504
6559	505
1984	506
2393	507
6060	508
6353	509
6468	510
7208	511
4381	512
9806	513
1134	514
6072	515
8481	516
3371	517
5842	518
6480	519
9339	520
7903	521
6264	522
4122	523
1555	524
5758	525
6779	526
7147	527
7093	528
6928	529
2942	530
5874	531
4479	532
5135	533
6051	534
5565	535
3015	536
7800	537
3170	538
8217	539
5063	540
311	541
5784	542
4267	543
4915	544
6560	545
8191	546
1068	547
390	548
1458	549
823	550
7720	551
4398	552
6231	553
9	554
502	555
5981	556
124	557
1796	558
3936	559
5239	560
4384	561
8955	562
6628	563
2026	564
8434	565
1229	566
9758	567
4	568
7129	569
7350	570
3771	571
8116	572
1843	573
4213	574
4585	575
8404	576
9034	577
4495	578
8761	579
4830	580
2416	581
8796	582
2906	583
3069	584
1226	585
6083	586
542	587
4	588
7759	589
6755	590
2095	591
8371	592
8588	593
8950	594
8591	595
5793	596
1434	597
1619	598
631	599
8429	600
245	601
4409	602
6344	603
8568	604
8622	605
8194	606
405	607
6567	608
6550	609
5008	610
7243	611
3873	612
963	613
9042	614
4431	615
4315	616
9626	617
2648	618
8029	619
8235	620
1700	621
2126	622
6859	623
5336	624
4924	625
3354	626
1549	627
1663	628
401	629
437	630
3328	631
9438	632
7627	633
2717	634
1473	635
45	636
9950	637
3917	638
2351	639
3469	640
7621	641
3595	642
2392	643
6477	644
6125	645
5595	646
4158	647
2734	648
4772	649
6285	650
4015	651
3548	652
9102	653
7050	654
9779	655
1976	656
7862	657
6297	658
1238	659
888	660
5487	661
8443	662
3377	663
7474	664
6973	665
9962	666
506	667
5393	668
9431	669
1535	670
9588	671
1167	672
768	673
5526	674
8046	675
9220	676
9849	677
9349	678
854	679
2744	680
4114	681
844	682
2434	683
7795	684
14	685
7316	686
7283	687
6209	688
7548	689
8345	690
1485	691
4269	692
2031	693
900	694
3626	695
2713	696
46	697
9475	698
7506	699
4586	700
225	701
3657	702
2413	703
2762	704
6179	705
3924	706
7503	707
1868	708
8016	709
8498	710
3841	711
7144	712
883	713
246	714
8142	715
7812	716
8414	717
153	718
6792	719
5661	720
1089	721
8881	722
1729	723
4852	724
3424	725
6989	726
8131	727
1274	728
9514	729
8604	730
7266	731
3774	732
4247	733
4444	734
6575	735
157	736
7609	737
621	738
9351	739
5877	740
7367	741
7467	742
1866	743
2949	744
7406	745
6853	746
4872	747
7217	748
2867	749
2345	750
8166	751
7982	752
2530	753
78	754
5944	755
6092	756
2160	757
7092	758
560	759
2307	760
268	761
4169	762
5329	763
2578	764
9182	765
9184	766
1222	767
6651	768
1844	769
9532	770
1133	771
5847	772
7336	773
1058	774
5259	775
2402	776
5433	777
9226	778
3338	779
8324	780
3590	781
2259	782
944	783
8578	784
5267	785
172	786
258	787
1709	788
7080	789
2617	790
9408	791
5977	792
8694	793
2077	794
1096	795
8039	796
3320	797
1038	798
1657	799
570	800
4225	801
6646	802
2009	803
1876	804
7841	805
5461	806
3273	807
6527	808
526	809
1655	810
873	811
5128	812
6	813
7002	814
1016	815
2597	816
8388	817
5214	818
148	819
5569	820
4131	821
4149	822
5507	823
9505	824
6959	825
8787	826
4901	827
3893	828
9687	829
2623	830
5415	831
3864	832
3277	833
3792	834
309	835
9566	836
1323	837
9761	838
7221	839
4590	840
4040	841
8866	842
638	843
3929	844
2024	845
4448	846
7803	847
8814	848
1590	849
3932	850
2830	851
6370	852
468	853
7490	854
5616	855
1161	856
1230	857
5194	858
6661	859
2098	860
7648	861
1802	862
6758	863
2399	864
4856	865
1689	866
789	867
239	868
9383	869
2964	870
5345	871
7660	872
9048	873
4082	874
6649	875
8758	876
8274	877
1120	878
9525	879
9727	880
2676	881
2983	882
272	883
5780	884
4342	885
4505	886
5790	887
1728	888
1324	889
6409	890
7850	891
3795	892
3178	893
5164	894
4625	895
9221	896
3652	897
9131	898
8258	899
6068	900
1542	901
7716	902
6737	903
219	904
6953	905
709	906
1578	907
463	908
6219	909
5478	910
5148	911
4634	912
2443	913
7184	914
950	915
622	916
1951	917
4636	918
9340	919
27	920
5830	921
2252	922
5489	923
8080	924
9846	925
9232	926
7636	927
9804	928
892	929
6121	930
2877	931
6694	932
8349	933
4480	934
6458	935
1758	936
6381	937
8537	938
7918	939
9643	940
1077	941
8870	942
128	943
9119	944
9528	945
3611	946
2659	947
9089	948
4348	949
8581	950
6366	951
8154	952
1383	953
3486	954
8101	955
7940	956
6284	957
4810	958
2946	959
4449	960
6511	961
1368	962
1298	963
3664	964
290	965
7874	966
5773	967
1	968
2976	969
8250	970
8259	971
8347	972
8984	973
8836	974
9926	975
2165	976
9440	977
803	978
6956	979
9456	980
4088	981
8428	982
8103	983
4749	984
3180	985
6962	986
8627	987
4687	988
1594	989
5219	990
5781	991
3200	992
9607	993
100	994
317	995
2539	996
3124	997
7984	998
8556	999
3363	1000
5235	1001
3763	1002
2624	1003
8427	1004
8045	1005
7294	1006
4156	1007
5189	1008
5354	1009
5124	1010
584	1011
653	1012
7851	1013
2917	1014
660	1015
2554	1016
2049	1017
4165	1018
5309	1019
51	1020
6248	1021
4820	1022
3986	1023
365	1024
8510	1025
3039	1026
818	1027
8262	1028
2422	1029
9483	1030
9953	1031
1453	1032
3462	1033
2953	1034
7842	1035
8398	1036
9163	1037
7922	1038
4523	1039
7231	1040
9660	1041
9642	1042
3465	1043
3680	1044
8328	1045
4125	1046
9439	1047
8839	1048
4010	1049
1828	1050
1561	1051
9175	1052
7615	1053
6122	1054
6270	1055
5037	1056
4599	1057
1396	1058
505	1059
7442	1060
548	1061
162	1062
6891	1063
8424	1064
3872	1065
2898	1066
4886	1067
3426	1068
7931	1069
9249	1070
9462	1071
3604	1072
5859	1073
5448	1074
9918	1075
8243	1076
6592	1077
6981	1078
9865	1079
8035	1080
8515	1081
8268	1082
5895	1083
2298	1084
8802	1085
5432	1086
5626	1087
775	1088
1125	1089
2153	1090
6816	1091
5155	1092
2452	1093
9306	1094
588	1095
6835	1096
4948	1097
4843	1098
3682	1099
2716	1100
2175	1101
7639	1102
2217	1103
6621	1104
3615	1105
5810	1106
2487	1107
919	1108
4870	1109
2397	1110
6373	1111
8015	1112
8971	1113
8542	1114
8409	1115
5860	1116
4094	1117
4557	1118
8254	1119
4623	1120
3265	1121
4720	1122
5643	1123
5076	1124
1900	1125
1063	1126
9556	1127
1482	1128
5839	1129
8912	1130
6378	1131
4375	1132
3902	1133
5289	1134
2211	1135
2682	1136
4361	1137
8252	1138
485	1139
230	1140
7670	1141
1616	1142
8891	1143
4738	1144
9720	1145
5435	1146
2248	1147
2895	1148
7836	1149
9164	1150
357	1151
2939	1152
2269	1153
3600	1154
1725	1155
5429	1156
2483	1157
8285	1158
5990	1159
9122	1160
4727	1161
9028	1162
1830	1163
1001	1164
6951	1165
2739	1166
1922	1167
8744	1168
8909	1169
2318	1170
8377	1171
4017	1172
6978	1173
2509	1174
1913	1175
1449	1176
4440	1177
489	1178
9496	1179
5299	1180
6103	1181
29	1182
7127	1183
5386	1184
9451	1185
4829	1186
8855	1187
6608	1188
4659	1189
3018	1190
4553	1191
4472	1192
6880	1193
3620	1194
5011	1195
5970	1196
9422	1197
8056	1198
8517	1199
8319	1200
1100	1201
1647	1202
6523	1203
3002	1204
460	1205
9097	1206
3812	1207
2615	1208
5287	1209
8171	1210
7457	1211
3372	1212
7472	1213
3666	1214
2142	1215
9100	1216
325	1217
6028	1218
6499	1219
5264	1220
4622	1221
2075	1222
3775	1223
7890	1224
3415	1225
4424	1226
7508	1227
2113	1228
5919	1229
7374	1230
6763	1231
9112	1232
1678	1233
5967	1234
3308	1235
2872	1236
7781	1237
8433	1238
3597	1239
994	1240
608	1241
8317	1242
4728	1243
8935	1244
8606	1245
9878	1246
3314	1247
1005	1248
3817	1249
2485	1250
1789	1251
4538	1252
7976	1253
7232	1254
1405	1255
4245	1256
7493	1257
7907	1258
535	1259
3104	1260
1849	1261
7909	1262
703	1263
4595	1264
6015	1265
8448	1266
6709	1267
6218	1268
1633	1269
9086	1270
2044	1271
758	1272
7980	1273
8256	1274
7	1275
7153	1276
4140	1277
9787	1278
9956	1279
8822	1280
1492	1281
4602	1282
9243	1283
4151	1284
1246	1285
7379	1286
3715	1287
3315	1288
3023	1289
8223	1290
1779	1291
6288	1292
3108	1293
8137	1294
7817	1295
9111	1296
8545	1297
9443	1298
531	1299
4197	1300
529	1301
3790	1302
4310	1303
5319	1304
7847	1305
2267	1306
3697	1307
2973	1308
3231	1309
4944	1310
936	1311
3854	1312
7722	1313
1520	1314
9829	1315
1073	1316
62	1317
5472	1318
287	1319
5824	1320
8295	1321
7412	1322
7843	1323
6412	1324
5751	1325
3532	1326
9808	1327
2854	1328
8445	1329
7462	1330
202	1331
4661	1332
495	1333
656	1334
8736	1335
9328	1336
4910	1337
9413	1338
5471	1339
7431	1340
411	1341
8263	1342
5884	1343
7927	1344
4133	1345
4775	1346
472	1347
9055	1348
31	1349
6327	1350
6534	1351
1774	1352
8540	1353
5866	1354
9158	1355
9006	1356
9015	1357
8842	1358
4764	1359
710	1360
1941	1361
2324	1362
3255	1363
3542	1364
4038	1365
334	1366
646	1367
7857	1368
5722	1369
6996	1370
9069	1371
6967	1372
7397	1373
8492	1374
4417	1375
2884	1376
4062	1377
6221	1378
2464	1379
791	1380
1988	1381
5588	1382
9228	1383
5161	1384
6614	1385
8988	1386
330	1387
9601	1388
7470	1389
6692	1390
1055	1391
4072	1392
5506	1393
3235	1394
1207	1395
1072	1396
2223	1397
4957	1398
9762	1399
7865	1400
2667	1401
7159	1402
7624	1403
3539	1404
9709	1405
9361	1406
6104	1407
8312	1408
356	1409
8664	1410
4900	1411
6304	1412
1937	1413
3344	1414
5876	1415
9807	1416
3475	1417
4799	1418
1875	1419
8001	1420
5399	1421
7607	1422
1054	1423
3975	1424
7655	1425
1565	1426
5955	1427
4420	1428
5474	1429
4475	1430
2993	1431
2913	1432
9749	1433
9782	1434
3957	1435
5122	1436
2603	1437
6174	1438
3079	1439
5512	1440
799	1441
2754	1442
7086	1443
398	1444
2646	1445
8956	1446
6169	1447
9307	1448
8944	1449
2560	1450
5819	1451
4425	1452
8784	1453
3998	1454
379	1455
9297	1456
743	1457
3538	1458
1451	1459
3257	1460
2356	1461
3617	1462
3951	1463
833	1464
933	1465
1235	1466
2981	1467
8636	1468
4683	1469
4892	1470
6247	1471
9186	1472
6734	1473
2313	1474
1505	1475
1788	1476
6346	1477
9054	1478
2439	1479
5517	1480
1126	1481
2247	1482
9	1483
6993	1484
1259	1485
5445	1486
6563	1487
6685	1488
2616	1489
6590	1490
5021	1491
8071	1492
2339	1493
8486	1494
6674	1495
1817	1496
8100	1497
2467	1498
7331	1499
3565	1500
8979	1501
8521	1502
3452	1503
6228	1504
335	1505
9143	1506
3545	1507
1685	1508
6927	1509
5065	1510
1807	1511
1610	1512
5615	1513
3719	1514
5201	1515
3843	1516
1706	1517
2228	1518
7623	1519
8241	1520
6197	1521
9858	1522
2536	1523
7009	1524
271	1525
9285	1526
2843	1527
8159	1528
2673	1529
7293	1530
4518	1531
9059	1532
9058	1533
972	1534
2965	1535
4509	1536
4824	1537
3279	1538
4180	1539
3299	1540
7885	1541
2385	1542
2767	1543
6470	1544
9712	1545
7103	1546
9117	1547
7046	1548
8946	1549
7606	1550
5166	1551
48	1552
9258	1553
6358	1554
8916	1555
6740	1556
5719	1557
2531	1558
7544	1559
4931	1560
988	1561
7465	1562
4545	1563
8068	1564
705	1565
459	1566
8504	1567
4380	1568
1601	1569
1557	1570
6311	1571
103	1572
5075	1573
215	1574
4601	1575
3526	1576
8805	1577
7461	1578
5073	1579
3962	1580
8387	1581
4864	1582
7555	1583
5222	1584
1969	1585
8417	1586
5006	1587
9269	1588
9558	1589
5891	1590
2271	1591
6298	1592
1938	1593
3300	1594
4052	1595
303	1596
2783	1597
6118	1598
5864	1599
3560	1600
923	1601
9886	1602
2424	1603
1998	1604
6701	1605
5994	1606
9223	1607
6031	1608
4565	1609
4515	1610
2769	1611
1891	1612
4649	1613
3971	1614
7043	1615
1845	1616
9084	1617
6379	1618
8023	1619
9646	1620
6340	1621
2177	1622
2881	1623
343	1624
4327	1625
7604	1626
8092	1627
5228	1628
891	1629
3834	1630
3525	1631
7244	1632
1315	1633
1718	1634
7345	1635
3789	1636
1288	1637
2627	1638
9644	1639
1003	1640
8368	1641
8918	1642
1907	1643
1168	1644
1128	1645
8599	1646
8446	1647
995	1648
7631	1649
4867	1650
4322	1651
6935	1652
4349	1653
9680	1654
1302	1655
8382	1656
7757	1657
2620	1658
2869	1659
1962	1660
3370	1661
4894	1662
2361	1663
3838	1664
7845	1665
3193	1666
2740	1667
9856	1668
2275	1669
8699	1670
2381	1671
7174	1672
7819	1673
4311	1674
771	1675
5754	1676
5053	1677
5759	1678
5163	1679
2220	1680
6336	1681
1397	1682
6668	1683
395	1684
7560	1685
4510	1686
3594	1687
9721	1688
5662	1689
4654	1690
7317	1691
9968	1692
2929	1693
4224	1694
4897	1695
5173	1696
429	1697
8726	1698
7105	1699
9446	1700
3239	1701
3874	1702
2661	1703
1057	1704
5209	1705
5714	1706
465	1707
3601	1708
9611	1709
7248	1710
4640	1711
2695	1712
1153	1713
3340	1714
3086	1715
7913	1716
6899	1717
5700	1718
8208	1719
1228	1720
4768	1721
6531	1722
8737	1723
4786	1724
6203	1725
8923	1726
5185	1727
680	1728
8548	1729
4616	1730
267	1731
8231	1732
5813	1733
1029	1734
4404	1735
2937	1736
5519	1737
3993	1738
3440	1739
210	1740
2625	1741
5252	1742
2988	1743
6486	1744
8102	1745
7181	1746
9487	1747
7155	1748
946	1749
181	1750
9341	1751
6041	1752
864	1753
9823	1754
4788	1755
8300	1756
590	1757
3137	1758
3264	1759
6017	1760
5205	1761
3675	1762
24	1763
9248	1764
2080	1765
6089	1766
8612	1767
1026	1768
5728	1769
4703	1770
3767	1771
7892	1772
4170	1773
513	1774
6113	1775
7991	1776
2373	1777
5883	1778
8714	1779
2668	1780
4150	1781
3981	1782
4243	1783
7121	1784
1271	1785
8447	1786
9257	1787
8522	1788
8011	1789
6764	1790
2208	1791
5030	1792
9900	1793
2202	1794
6204	1795
5217	1796
649	1797
6123	1798
9233	1799
6401	1800
1187	1801
3464	1802
6075	1803
3035	1804
2029	1805
6751	1806
6582	1807
4942	1808
5972	1809
2793	1810
5000	1811
8566	1812
9251	1813
7965	1814
5980	1815
1340	1816
5070	1817
3476	1818
2612	1819
5294	1820
9621	1821
1543	1822
9792	1823
6038	1824
9866	1825
4308	1826
977	1827
8785	1828
2842	1829
9794	1830
7814	1831
6863	1832
1554	1833
1711	1834
5673	1835
7661	1836
4253	1837
887	1838
1508	1839
634	1840
2607	1841
4615	1842
2875	1843
6882	1844
708	1845
4014	1846
4848	1847
2169	1848
8660	1849
4136	1850
1052	1851
5513	1852
3527	1853
5678	1854
2799	1855
2207	1856
2749	1857
8531	1858
5170	1859
150	1860
1386	1861
953	1862
8097	1863
7699	1864
863	1865
9692	1866
5991	1867
9489	1868
629	1869
8203	1870
2598	1871
7312	1872
3920	1873
1697	1874
2927	1875
9944	1876
1812	1877
7197	1878
6681	1879
3882	1880
5953	1881
431	1882
2201	1883
1110	1884
1894	1885
4066	1886
2518	1887
1250	1888
7996	1889
3118	1890
8063	1891
7698	1892
6607	1893
951	1894
295	1895
7421	1896
6555	1897
9101	1898
7723	1899
6158	1900
4805	1901
1216	1902
1162	1903
753	1904
8419	1905
5419	1906
9512	1907
7985	1908
8957	1909
5954	1910
1214	1911
7943	1912
1339	1913
5144	1914
3128	1915
6472	1916
4047	1917
1665	1918
7673	1919
9271	1920
3667	1921
3204	1922
9504	1923
2192	1924
911	1925
7897	1926
4949	1927
5538	1928
9521	1929
3080	1930
6498	1931
3238	1932
7471	1933
3318	1934
3661	1935
3163	1936
3959	1937
3218	1938
5158	1939
7179	1940
7018	1941
8197	1942
2800	1943
915	1944
2863	1945
5855	1946
7319	1947
76	1948
5049	1949
216	1950
5138	1951
4986	1952
6799	1953
4003	1954
9209	1955
3646	1956
770	1957
4913	1958
6377	1959
25	1960
1427	1961
1467	1962
8914	1963
3956	1964
2845	1965
9786	1966
3726	1967
451	1968
2858	1969
8430	1970
4544	1971
7161	1972
5906	1973
4569	1974
6904	1975
3011	1976
6071	1977
9207	1978
2693	1979
1621	1980
8713	1981
9323	1982
6184	1983
8930	1984
8962	1985
5437	1986
3467	1987
9837	1988
5367	1989
4298	1990
7658	1991
8555	1992
8076	1993
2672	1994
7037	1995
9045	1996
4681	1997
1279	1998
618	1999
2294	2000
8381	2001
7354	2002
424	2003
5438	2004
2647	2005
2996	2006
7210	2007
9444	2008
3050	2009
3968	2010
2042	2011
8013	2012
1687	2013
70	2014
5564	2015
6165	2016
369	2017
4631	2018
4855	2019
3846	2020
3809	2021
5585	2022
6568	2023
3444	2024
8915	2025
6504	2026
5141	2027
3650	2028
3516	2029
8490	2030
989	2031
5807	2032
3252	2033
3087	2034
6047	2035
813	2036
6877	2037
2146	2038
5243	2039
6949	2040
9606	2041
8781	2042
8351	2043
8871	2044
3114	2045
7382	2046
7255	2047
7782	2048
3346	2049
3729	2050
3105	2051
7729	2052
1800	2053
9853	2054
3046	2055
445	2056
1577	2057
478	2058
6364	2059
8572	2060
7441	2061
9604	2062
9795	2063
4059	2064
104	2065
6690	2066
1756	2067
4033	2068
5706	2069
2538	2070
3026	2071
5716	2072
483	2073
6062	2074
3567	2075
9167	2076
2363	2077
4037	2078
7646	2079
9605	2080
7719	2081
2301	2082
8179	2083
347	2084
1169	2085
9499	2086
5115	2087
8673	2088
3533	2089
2107	2090
4319	2091
2512	2092
8105	2093
5353	2094
1494	2095
4587	2096
9501	2097
9530	2098
6154	2099
9031	2100
1270	2101
5165	2102
752	2103
9266	2104
3708	2105
1792	2106
4394	2107
6181	2108
217	2109
8851	2110
1656	2111
9429	2112
2008	2113
7935	2114
4283	2115
7933	2116
7806	2117
3510	2118
1599	2119
2710	2120
264	2121
2887	2122
7908	2123
4234	2124
8365	2125
9236	2126
698	2127
4412	2128
8432	2129
2261	2130
5136	2131
8549	2132
6583	2133
1280	2134
9321	2135
1021	2136
9810	2137
5358	2138
9867	2139
7989	2140
9379	2141
1273	2142
496	2143
6466	2144
8739	2145
1163	2146
6820	2147
1793	2148
9773	2149
7995	2150
3229	2151
1643	2152
976	2153
4178	2154
6873	2155
6484	2156
825	2157
4274	2158
5379	2159
8518	2160
9063	2161
3934	2162
8062	2163
2039	2164
5800	2165
7064	2166
5401	2167
2534	2168
6769	2169
6183	2170
6078	2171
9094	2172
4748	2173
8007	2174
4001	2175
5621	2176
3048	2177
8067	2178
6895	2179
8721	2180
4251	2181
4745	2182
4074	2183
6334	2184
1041	2185
6594	2186
2852	2187
4930	2188
8307	2189
7519	2190
717	2191
2263	2192
8117	2193
6767	2194
3632	2195
9380	2196
2194	2197
9906	2198
9096	2199
7171	2200
5203	2201
9503	2202
8043	2203
8821	2204
5606	2205
522	2206
8037	2207
2815	2208
2775	2209
7619	2210
9572	2211
3014	2212
384	2213
6371	2214
1320	2215
6011	2216
6905	2217
7702	2218
5822	2219
5770	2220
13	2221
9862	2222
9820	2223
8177	2224
7400	2225
8233	2226
9911	2227
4153	2228
3225	2229
1000	2230
4185	2231
6424	2232
3001	2233
3196	2234
7796	2235
1480	2236
9903	2237
3331	2238
2664	2239
848	2240
7797	2241
3221	2242
8464	2243
9738	2244
6506	2245
3406	2246
2678	2247
2825	2248
3407	2249
5518	2250
6324	2251
3636	2252
9600	2253
797	2254
2741	2255
1851	2256
9536	2257
707	2258
3783	2259
2486	2260
1893	2261
7793	2262
7937	2263
2323	2264
7349	2265
1098	2266
3568	2267
6445	2268
4961	2269
7044	2270
5531	2271
2974	2272
1755	2273
7485	2274
9701	2275
9847	2276
2670	2277
1044	2278
5343	2279
3330	2280
1674	2281
1414	2282
6849	2283
339	2284
4983	2285
5296	2286
5102	2287
2309	2288
4172	2289
6191	2290
6266	2291
5740	2292
7953	2293
8160	2294
7611	2295
9811	2296
4250	2297
6650	2298
1720	2299
387	2300
4374	2301
7978	2302
1815	2303
4357	2304
5726	2305
3901	2306
91	2307
5171	2308
2407	2309
5388	2310
4459	2311
6626	2312
7123	2313
7449	2314
5242	2315
9693	2316
1934	2317
2123	2318
3417	2319
4945	2320
3120	2321
4909	2322
2594	2323
696	2324
8288	2325
6998	2326
3793	2327
9934	2328
6318	2329
5833	2330
9334	2331
2304	2332
4755	2333
1771	2334
1123	2335
6612	2336
9472	2337
9690	2338
9279	2339
5975	2340
7832	2341
4467	2342
3897	2343
2502	2344
2290	2345
3096	2346
9617	2347
2537	2348
8204	2349
3569	2350
5902	2351
2989	2352
4547	2353
9902	2354
4161	2355
1090	2356
4008	2357
5562	2358
2405	2359
8766	2360
3994	2361
1354	2362
8762	2363
6780	2364
2306	2365
1283	2366
6030	2367
3534	2368
4079	2369
2706	2370
7588	2371
8742	2372
4524	2373
2721	2374
1721	2375
5496	2376
113	2377
9686	2378
5921	2379
6726	2380
4741	2381
6987	2382
3671	2383
2174	2384
6585	2385
368	2386
1519	2387
6331	2388
6776	2389
3931	2390
3630	2391
3280	2392
8801	2393
651	2394
927	2395
6665	2396
643	2397
6851	2398
7999	2399
9159	2400
2062	2401
4692	2402
4159	2403
5604	2404
1675	2405
9382	2406
7112	2407
7318	2408
6487	2409
4494	2410
7386	2411
2750	2412
1671	2413
7671	2414
3453	2415
8344	2416
3121	2417
2759	2418
1782	2419
3903	2420
5764	2421
6260	2422
9420	2423
1856	2424
3648	2425
4085	2426
2100	2427
518	2428
2326	2429
2919	2430
1620	2431
6584	2432
1248	2433
2642	2434
5479	2435
9803	2436
4571	2437
3598	2438
6293	2439
1889	2440
1897	2441
7216	2442
6317	2443
355	2444
7403	2445
3378	2446
382	2447
6018	2448
7733	2449
8363	2450
498	2451
6100	2452
3799	2453
4484	2454
6934	2455
7344	2456
9664	2457
3627	2458
8774	2459
4801	2460
4383	2461
4839	2462
9717	2463
8081	2464
1233	2465
8906	2466
9827	2467
662	2468
17	2469
6948	2470
9753	2471
4854	2472
4451	2473
6939	2474
4395	2475
5207	2476
4754	2477
6382	2478
2447	2479
757	2480
4216	2481
8638	2482
5657	2483
7521	2484
211	2485
8806	2486
7262	2487
3524	2488
8670	2489
8315	2490
79	2491
6972	2492
9204	2493
328	2494
5948	2495
1783	2496
879	2497
3778	2498
11	2499
4935	2500
4718	2501
8334	2502
1585	2503
4249	2504
5934	2505
4868	2506
9562	2507
625	2508
1181	2509
9062	2510
7017	2511
8523	2512
1631	2513
9043	2514
5762	2515
4589	2516
4103	2517
6452	2518
8982	2519
5680	2520
1252	2521
9356	2522
5572	2523
227	2524
6950	2525
5208	2526
7739	2527
6653	2528
3679	2529
184	2530
6147	2531
9300	2532
6724	2533
4717	2534
652	2535
2374	2536
3162	2537
5964	2538
5094	2539
4678	2540
1197	2541
2110	2542
8284	2543
3199	2544
5905	2545
3396	2546
6845	2547
6052	2548
9021	2549
9264	2550
1870	2551
7824	2552
5043	2553
6360	2554
2700	2555
1764	2556
5610	2557
2632	2558
2719	2559
6055	2560
229	2561
2886	2562
3025	2563
9519	2564
322	2565
2508	2566
6588	2567
2423	2568
8036	2569
4340	2570
5750	2571
2465	2572
7097	2573
4890	2574
9151	2575
3900	2576
2862	2577
9551	2578
4497	2579
2702	2580
5795	2581
7656	2582
8574	2583
7106	2584
7281	2585
5583	2586
5057	2587
198	2588
3784	2589
8592	2590
9040	2591
8123	2592
6023	2593
251	2594
1	2595
9183	2596
9125	2597
3270	2598
3819	2599
5818	2600
3739	2601
301	2602
1413	2603
6397	2604
3513	2605
6321	2606
2069	2607
9206	2608
3492	2609
9253	2610
8865	2611
3169	2612
209	2613
7132	2614
8977	2615
21	2616
9156	2617
8854	2618
6746	2619
3849	2620
8052	2621
9419	2622
3618	2623
9695	2624
1588	2625
3209	2626
5848	2627
7726	2628
5846	2629
6975	2630
7512	2631
9455	2632
1980	2633
1573	2634
9928	2635
882	2636
7026	2637
8275	2638
769	2639
7078	2640
8172	2641
4443	2642
5634	2643
6930	2644
6732	2645
1416	2646
6421	2647
119	2648
9458	2649
9134	2650
6750	2651
4556	2652
8397	2653
9713	2654
1810	2655
8049	2656
8963	2657
9298	2658
3088	2659
6741	2660
3365	2661
9938	2662
793	2663
2834	2664
4626	2665
2328	2666
212	2667
8336	2668
6711	2669
1827	2670
6747	2671
5668	2672
7392	2673
5182	2674
9583	2675
4227	2676
6107	2677
1420	2678
2119	2679
8150	2680
138	2681
3762	2682
3249	2683
7898	2684
7330	2685
4446	2686
1886	2687
4735	2688
265	2689
5378	2690
4514	2691
5498	2692
8146	2693
4658	2694
8495	2695
7752	2696
8066	2697
5516	2698
4966	2699
6554	2700
4491	2701
4875	2702
6673	2703
8723	2704
6716	2705
7863	2706
9235	2707
3094	2708
8366	2709
6807	2710
2243	2711
4613	2712
1600	2713
1437	2714
2355	2715
3933	2716
4056	2717
3974	2718
8470	2719
7291	2720
5450	2721
9135	2722
98	2723
9533	2724
6919	2725
5951	2726
3186	2727
2061	2728
9863	2729
3816	2730
4795	2731
4198	2732
6495	2733
6507	2734
3491	2735
7571	2736
4095	2737
8702	2738
20	2739
9640	2740
1966	2741
6700	2742
9636	2743
409	2744
9838	2745
300	2746
5550	2747
7537	2748
4923	2749
6561	2750
4921	2751
5869	2752
4929	2753
7145	2754
5313	2755
1135	2756
520	2757
934	2758
218	2759
1606	2760
4691	2761
4985	2762
3769	2763
3541	2764
940	2765
4177	2766
1022	2767
8776	2768
1349	2769
8710	2770
7219	2771
1010	2772
7183	2773
8002	2774
4240	2775
8902	2776
7960	2777
3791	2778
7178	2779
5310	2780
1977	2781
2947	2782
4048	2783
8889	2784
4850	2785
4086	2786
5775	2787
8119	2788
9770	2789
8143	2790
6703	2791
5974	2792
7821	2793
4028	2794
7081	2795
4270	2796
6979	2797
4525	2798
5554	2799
5785	2800
9797	2801
4154	2802
3355	2803
1795	2804
9039	2805
7566	2806
987	2807
1746	2808
6251	2809
2043	2810
3943	2811
6138	2812
2513	2813
5708	2814
3454	2815
7450	2816
5029	2817
9342	2818
7363	2819
3711	2820
9348	2821
5457	2822
6133	2823
2494	2824
6969	2825
8666	2826
6868	2827
1258	2828
2891	2829
4753	2830
6473	2831
525	2832
8704	2833
5689	2834
2641	2835
2412	2836
6433	2837
6549	2838
8456	2839
5724	2840
5263	2841
5129	2842
9955	2843
1142	2844
5787	2845
9702	2846
4990	2847
7278	2848
2314	2849
4873	2850
6233	2851
3392	2852
1387	2853
6893	2854
277	2855
3281	2856
9103	2857
1483	2858
8951	2859
6178	2860
1287	2861
7900	2862
3735	2863
1898	2864
1075	2865
913	2866
8222	2867
503	2868
6812	2869
4808	2870
2104	2871
4736	2872
1152	2873
3710	2874
2468	2875
2460	2876
7072	2877
99	2878
9576	2879
4301	2880
4781	2881
7324	2882
1143	2883
5936	2884
5449	2885
2073	2886
7540	2887
260	2888
9711	2889
8126	2890
2748	2891
7938	2892
747	2893
7988	2894
9899	2895
1380	2896
6040	2897
1239	2898
5853	2899
5105	2900
3892	2901
4578	2902
5305	2903
8932	2904
8360	2905
1189	2906
377	2907
1379	2908
1388	2909
7653	2910
2591	2911
784	2912
9325	2913
7040	2914
5400	2915
1949	2916
5297	2917
7218	2918
6322	2919
87	2920
1234	2921
7945	2922
2730	2923
6368	2924
1376	2925
4414	2926
9359	2927
636	2928
6827	2929
2238	2930
1673	2931
5044	2932
564	2933
8692	2934
5648	2935
1497	2936
5694	2937
4558	2938
8296	2939
8104	2940
475	2941
9697	2942
5739	2943
902	2944
6765	2945
985	2946
3250	2947
7532	2948
1113	2949
3837	2950
8824	2951
8451	2952
9546	2953
7778	2954
1247	2955
6394	2956
1351	2957
6624	2958
8669	2959
6465	2960
256	2961
1816	2962
2161	2963
4139	2964
3855	2965
9929	2966
7494	2967
9628	2968
4842	2969
9529	2970
6955	2971
6453	2972
5417	2973
5283	2974
7115	2975
4368	2976
2256	2977
7348	2978
5684	2979
2366	2980
8910	2981
2765	2982
5286	2983
9649	2984
4456	2985
5929	2986
7758	2987
283	2988
4021	2989
6357	2990
8700	2991
6140	2992
5862	2993
8199	2994
5755	2995
4307	2996
6143	2997
9274	2998
9801	2999
7530	3000
1035	3001
8506	3002
611	3003
7990	3004
1151	3005
1088	3006
426	3007
2564	3008
5009	3009
3583	3010
8693	3011
4119	3012
59	3013
2658	3014
1350	3015
5560	3016
8563	3017
1013	3018
5913	3019
6698	3020
4526	3021
4333	3022
1374	3023
2824	3024
2549	3025
9195	3026
8394	3027
6271	3028
735	3029
3493	3030
571	3031
4290	3032
9746	3033
587	3034
3339	3035
2838	3036
3576	3037
3659	3038
7444	3039
8850	3040
7774	3041
2406	3042
3485	3043
4566	3044
3161	3045
3236	3046
8677	3047
6043	3048
7468	3049
2776	3050
5091	3051
9032	3052
4811	3053
8620	3054
3380	3055
8463	3056
3324	3057
6980	3058
5196	3059
7325	3060
6077	3061
2957	3062
4099	3063
3670	3064
2231	3065
4387	3066
5275	3067
1431	3068
7687	3069
1903	3070
132	3071
5613	3072
185	3073
8247	3074
1826	3075
4560	3076
7177	3077
7620	3078
8342	3079
6574	3080
5789	3081
6982	3082
1232	3083
5490	3084
6497	3085
5355	3086
4972	3087
7603	3088
2079	3089
6008	3090
6145	3091
7045	3092
5761	3093
2190	3094
600	3095
1677	3096
5985	3097
23	3098
5593	3099
551	3100
7311	3101
6783	3102
7004	3103
2566	3104
3862	3105
2760	3106
6020	3107
2230	3108
15	3109
2814	3110
7261	3111
5005	3112
9166	3113
4259	3114
7951	3115
1366	3116
1925	3117
9736	3118
8709	3119
3938	3120
7868	3121
106	3122
4403	3123
5836	3124
2383	3125
8648	3126
3336	3127
6066	3128
566	3129
8629	3130
8516	3131
875	3132
3248	3133
1748	3134
8271	3135
3192	3136
6688	3137
388	3138
1481	3139
6810	3140
5651	3141
4284	3142
1078	3143
4841	3144
341	3145
4596	3146
3637	3147
2382	3148
7942	3149
167	3150
6282	3151
1477	3152
2920	3153
9705	3154
6441	3155
3237	3156
1613	3157
1931	3158
6910	3159
9193	3160
9127	3161
7986	3162
1640	3163
1490	3164
7848	3165
1237	3166
5683	3167
6258	3168
7878	3169
4702	3170
3066	3171
4859	3172
7912	3173
9654	3174
7875	3175
9704	3176
4367	3177
8362	3178
6328	3179
5738	3180
2708	3181
9106	3182
3919	3183
2729	3184
7543	3185
28	3186
3316	3187
4779	3188
586	3189
5567	3190
2474	3191
5992	3192
7826	3193
3976	3194
3939	3195
8167	3196
6220	3197
3107	3198
2811	3199
720	3200
4555	3201
4926	3202
3815	3203
5937	3204
7685	3205
2400	3206
1469	3207
8773	3208
8750	3209
8609	3210
3954	3211
8061	3212
1310	3213
4696	3214
4386	3215
8625	3216
6435	3217
5763	3218
3856	3219
8583	3220
5727	3221
6597	3222
8652	3223
8038	3224
5064	3225
1662	3226
1532	3227
1784	3228
8332	3229
3062	3230
386	3231
5887	3232
2448	3233
9425	3234
1823	3235
9750	3236
6911	3237
3342	3238
8218	3239
9301	3240
5931	3241
2994	3242
4906	3243
6120	3244
4041	3245
6454	3246
4705	3247
979	3248
5180	3249
479	3250
2030	3251
7456	3252
2952	3253
4656	3254
2851	3255
2789	3256
8337	3257
6022	3258
1297	3259
9491	3260
6444	3261
9068	3262
8765	3263
1227	3264
3040	3265
1744	3266
3403	3267
4392	3268
1129	3269
1039	3270
5220	3271
4785	3272
2059	3273
7162	3274
1255	3275
7079	3276
1253	3277
6404	3278
6439	3279
8025	3280
8678	3281
971	3282
9315	3283
3421	3284
2133	3285
8484	3286
1994	3287
2527	3288
2724	3289
8375	3290
956	3291
9424	3292
3867	3293
7156	3294
2429	3295
5581	3296
3042	3297
5272	3298
9571	3299
174	3300
4372	3301
5505	3302
8139	3303
9479	3304
1510	3305
2116	3306
2179	3307
1306	3308
3359	3309
7952	3310
6586	3311
810	3312
221	3313
7545	3314
134	3315
1140	3316
1204	3317
1080	3318
6272	3319
4492	3320
241	3321
3263	3322
8279	3323
4699	3324
17	3325
7947	3326
6136	3327
5820	3328
6808	3329
3805	3330
4512	3331
4063	3332
9181	3333
1581	3334
8200	3335
8936	3336
3400	3337
8041	3338
9231	3339
4276	3340
7143	3341
6941	3342
6778	3343
1441	3344
2011	3345
6132	3346
2998	3347
4597	3348
5619	3349
655	3350
9914	3351
2787	3352
7274	3353
8406	3354
6274	3355
5838	3356
6857	3357
165	3358
8825	3359
5130	3360
2608	3361
2817	3362
4708	3363
8410	3364
9949	3365
6300	3366
83	3367
614	3368
4090	3369
2222	3370
6804	3371
243	3372
4853	3373
2662	3374
1809	3375
5659	3376
8386	3377
2572	3378
6986	3379
6591	3380
282	3381
1174	3382
41	3383
4176	3384
746	3385
8330	3386
1516	3387
514	3388
9669	3389
1641	3390
4698	3391
610	3392
5440	3393
9049	3394
5323	3395
7569	3396
4668	3397
1563	3398
7437	3399
7373	3400
8439	3401
170	3402
7051	3403
5675	3404
7956	3405
4952	3406
7579	3407
4757	3408
9568	3409
9661	3410
5167	3411
3157	3412
4210	3413
1475	3414
8340	3415
9368	3416
7433	3417
7148	3418
7250	3419
6050	3420
3100	3421
6528	3422
193	3423
4483	3424
5587	3425
4519	3426
6141	3427
3367	3428
8798	3429
8812	3430
5335	3431
8310	3432
145	3433
7714	3434
7617	3435
8899	3436
5720	3437
6843	3438
8485	3439
8232	3440
5026	3441
9728	3442
7591	3443
6640	3444
1433	3445
8734	3446
2152	3447
2602	3448
6547	3449
7222	3450
6749	3451
739	3452
1211	3453
2218	3454
1341	3455
5602	3456
4264	3457
6064	3458
9553	3459
557	3460
2975	3461
1996	3462
5446	3463
8658	3464
4807	3465
3133	3466
6398	3467
9840	3468
3227	3469
8509	3470
3723	3471
8528	3472
561	3473
2466	3474
7601	3475
4863	3476
6817	3477
9017	3478
1175	3479
5484	3480
1050	3481
4576	3482
5558	3483
3065	3484
8042	3485
4813	3486
2516	3487
4323	3488
2629	3489
7341	3490
6446	3491
4068	3492
5950	3493
6570	3494
8072	3495
4739	3496
6920	3497
3489	3498
9299	3499
8535	3500
2091	3501
8220	3502
4360	3503
9426	3504
7916	3505
5408	3506
2669	3507
195	3508
9603	3509
8534	3510
2705	3511
222	3512
9796	3513
2901	3514
8834	3515
4584	3516
666	3517
9586	3518
8299	3519
6326	3520
2025	3521
5825	3522
47	3523
6719	3524
3259	3525
8287	3526
5710	3527
8293	3528
3073	3529
4532	3530
5734	3531
4697	3532
233	3533
416	3534
4575	3535
315	3536
9394	3537
5469	3538
9319	3539
8153	3540
7439	3541
4667	3542
6772	3543
6156	3544
9177	3545
8094	3546
9051	3547
8014	3548
7481	3549
6359	3550
1794	3551
3899	3552
1739	3553
2622	3554
6840	3555
5303	3556
9155	3557
4669	3558
4138	3559
1614	3560
6376	3561
304	3562
3683	3563
9724	3564
916	3565
5527	3566
3207	3567
1404	3568
8941	3569
6105	3570
2015	3571
3028	3572
968	3573
1953	3574
3222	3575
10	3576
8376	3577
3422	3578
5600	3579
3842	3580
5809	3581
567	3582
2592	3583
3700	3584
1971	3585
1536	3586
3272	3587
2925	3588
7314	3589
3916	3590
247	3591
7196	3592
7425	3593
7706	3594
577	3595
3628	3596
439	3597
5001	3598
545	3599
5699	3600
3447	3601
1025	3602
2344	3603
7522	3604
5111	3605
8320	3606
1384	3607
6771	3608
6323	3609
8894	3610
1203	3611
2473	3612
2507	3613
5099	3614
7593	3615
7000	3616
2857	3617
6672	3618
7744	3619
7583	3620
1430	3621
3013	3622
2052	3623
453	3624
2921	3625
4338	3626
2445	3627
7416	3628
3964	3629
1511	3630
7600	3631
5181	3632
3034	3633
9957	3634
744	3635
9036	3636
6159	3637
8157	3638
3251	3639
6823	3640
7364	3641
3746	3642
9920	3643
1952	3644
3228	3645
6406	3646
7263	3647
7838	3648
8234	3649
5590	3650
8219	3651
3738	3652
8465	3653
9766	3654
4895	3655
57	3656
8888	3657
9393	3658
7488	3659
4335	3660
8298	3661
2036	3662
7146	3663
5316	3664
2199	3665
7048	3666
6548	3667
5688	3668
2626	3669
2449	3670
7058	3671
1965	3672
8070	3673
8144	3674
4572	3675
2997	3676
3827	3677
2437	3678
9841	3679
7384	3680
9104	3681
4306	3682
6864	3683
3278	3684
8196	3685
1312	3686
5133	3687
9387	3688
4051	3689
6704	3690
9781	3691
9857	3692
6385	3693
4201	3694
4723	3695
2210	3696
20	3697
6450	3698
8009	3699
7034	3700
3990	3701
242	3702
930	3703
7572	3704
7022	3705
6299	3706
5926	3707
7861	3708
9700	3709
1586	3710
9819	3711
9052	3712
7242	3713
8874	3714
1296	3715
2774	3716
1528	3717
6841	3718
8849	3719
7727	3720
4389	3721
3722	3722
5982	3723
1704	3724
7254	3725
9074	3726
3540	3727
3098	3728
1478	3729
9778	3730
5361	3731
2162	3732
2276	3733
9230	3734
9303	3735
4729	3736
1158	3737
2250	3738
4508	3739
2590	3740
5464	3741
6301	3742
2732	3743
1466	3744
410	3745
6206	3746
9035	3747
2812	3748
1533	3749
6862	3750
2358	3751
1242	3752
5525	3753
1385	3754
9769	3755
5223	3756
9176	3757
4646	3758
2649	3759
1624	3760
508	3761
9708	3762
4032	3763
1651	3764
1185	3765
5539	3766
7694	3767
4145	3768
3860	3769
1936	3770
9666	3771
5351	3772
6697	3773
9925	3774
6276	3775
859	3776
313	3777
336	3778
4478	3779
8893	3780
2482	3781
7418	3782
5387	3783
3504	3784
348	3785
4104	3786
2696	3787
5997	3788
617	3789
3552	3790
9624	3791
8637	3792
4860	3793
7491	3794
9290	3795
4959	3796
6389	3797
7290	3798
847	3799
5453	3800
1194	3801
3508	3802
2580	3803
9412	3804
1859	3805
8616	3806
7930	3807
7552	3808
3906	3809
5473	3810
6198	3811
158	3812
3863	3813
2470	3814
5885	3815
4190	3816
2561	3817
8	3818
8	3819
5501	3820
4849	3821
8226	3822
8973	3823
3439	3824
6387	3825
9060	3826
2652	3827
1496	3828
3327	3829
1879	3830
5040	3831
8309	3832
5529	3833
9947	3834
3685	3835
8970	3836
3184	3837
6921	3838
3915	3839
1950	3840
4530	3841
5960	3842
5385	3843
8519	3844
3519	3845
2102	3846
9774	3847
4092	3848
5983	3849
8641	3850
6615	3851
4733	3852
120	3853
1858	3854
4118	3855
441	3856
7926	3857
742	3858
9476	3859
9313	3860
2688	3861
3223	3862
8367	3863
9575	3864
8954	3865
7539	3866
721	3867
9735	3868
8313	3869
8121	3870
8165	3871
1487	3872
5916	3873
2584	3874
4359	3875
7587	3876
5039	3877
2555	3878
9674	3879
2149	3880
1714	3881
3522	3882
4134	3883
5676	3884
8952	3885
6929	3886
2331	3887
8364	3888
6670	3889
8711	3890
7200	3891
5757	3892
8730	3893
3734	3894
4035	3895
5584	3896
1445	3897
7608	3898
5054	3899
3414	3900
2018	3901
1443	3902
6330	3903
3884	3904
980	3905
1618	3906
6510	3907
9748	3908
3382	3909
7484	3910
2725	3911
7061	3912
3487	3913
3139	3914
4354	3915
5636	3916
5742	3917
967	3918
2644	3919
5456	3920
8267	3921
8684	3922
7164	3923
9547	3924
6579	3925
4821	3926
6501	3927
667	3928
3714	3929
8466	3930
6679	3931
7715	3932
13	3933
2752	3934
5162	3935
7370	3936
8175	3937
2125	3938
3949	3939
4982	3940
9281	3941
8176	3942
8895	3943
3622	3944
1751	3945
536	3946
6483	3947
2291	3948
4984	3949
5812	3950
2245	3951
4334	3952
1498	3953
6708	3954
7351	3955
1522	3956
1394	3957
2204	3958
1975	3959
3007	3960
903	3961
3381	3962
6438	3963
8273	3964
5765	3965
9715	3966
2124	3967
9268	3968
6314	3969
9793	3970
4826	3971
5723	3972
2325	3973
2660	3974
3537	3975
2283	3976
6343	3977
5357	3978
9331	3979
574	3980
4214	3981
4645	3982
8859	3983
8431	3984
3127	3985
6983	3986
4840	3987
404	3988
6161	3989
8343	3990
7167	3991
2618	3992
8323	3993
5113	3994
723	3995
1372	3996
5012	3997
3614	3998
9493	3999
5786	4000
5183	4001
3596	4002
9482	4003
5013	4004
8152	4005
5383	4006
6349	4007
1530	4008
4629	4009
562	4010
7415	4011
9591	4012
9731	4013
6400	4014
8111	4015
5018	4016
8958	4017
3473	4018
9079	4019
760	4020
5655	4021
1841	4022
4783	4023
2650	4024
2874	4025
8919	4026
6539	4027
5492	4028
2404	4029
9631	4030
8875	4031
5398	4032
6786	4033
1282	4034
4746	4035
5079	4036
2604	4037
5894	4038
9821	4039
2180	4040
4937	4041
4268	4042
7939	4043
6069	4044
3030	4045
8551	4046
6715	4047
5447	4048
6168	4049
9599	4050
9637	4051
3678	4052
6208	4053
6876	4054
8355	4055
4029	4056
5556	4057
7594	4058
466	4059
9453	4060
4217	4061
8018	4062
4612	4063
6426	4064
5674	4065
4212	4066
2227	4067
9018	4068
3608	4069
5047	4070
592	4071
1737	4072
7117	4073
1929	4074
9696	4075
9392	4076
3850	4077
360	4078
9400	4079
7584	4080
3284	4081
5682	4082
7547	4083
7602	4084
7616	4085
7765	4086
8050	4087
1370	4088
3896	4089
6643	4090
1468	4091
6867	4092
1008	4093
5233	4094
5080	4095
6443	4096
7518	4097
3758	4098
5072	4099
9238	4100
9663	4101
4608	4102
9578	4103
6699	4104
5340	4105
2821	4106
1979	4107
862	4108
8570	4109
5338	4110
3669	4111
5061	4112
7590	4113
6325	4114
8161	4115
350	4116
7252	4117
3684	4118
4756	4119
7568	4120
81	4121
7440	4122
8477	4123
8128	4124
14	4125
5346	4126
4317	4127
6521	4128
4462	4129
8593	4130
5535	4131
6399	4132
1798	4133
9194	4134
8480	4135
3681	4136
1409	4137
8972	4138
1682	4139
2000	4140
993	4141
9267	4142
5077	4143
3556	4144
4355	4145
7033	4146
3744	4147
876	4148
1196	4149
6552	4150
7713	4151
9030	4152
1596	4153
5050	4154
5197	4155
6896	4156
6407	4157
1359	4158
32	4159
189	4160
868	4161
4956	4162
7732	4163
4175	4164
6836	4165
9288	4166
6461	4167
1150	4168
9515	4169
5976	4170
2134	4171
6616	4172
6909	4173
6872	4174
8772	4175
7963	4176
4464	4177
4076	4178
8149	4179
6449	4180
2219	4181
9093	4182
373	4183
126	4184
2396	4185
727	4186
9336	4187
4632	4188
5422	4189
3760	4190
9296	4191
604	4192
1584	4193
9563	4194
3294	4195
2723	4196
2701	4197
748	4198
7766	4199
1018	4200
2244	4201
129	4202
725	4203
2035	4204
7104	4205
3106	4206
5499	4207
718	4208
7100	4209
5178	4210
6544	4211
795	4212
4997	4213
8989	4214
2249	4215
4963	4216
4542	4217
1672	4218
1814	4219
952	4220
9790	4221
6606	4222
7975	4223
788	4224
713	4225
2251	4226
2791	4227
281	4228
3287	4229
1597	4230
88	4231
5083	4232
2966	4233
2254	4234
9958	4235
5320	4236
4664	4237
3142	4238
5056	4239
7008	4240
74	4241
8400	4242
5245	4243
1047	4244
4976	4245
8086	4246
676	4247
5958	4248
6926	4249
2727	4250
1326	4251
1935	4252
7138	4253
3801	4254
5068	4255
4911	4256
2021	4257
4207	4258
2329	4259
8809	4260
1607	4261
4561	4262
8246	4263
9309	4264
9388	4265
839	4266
4761	4267
9169	4268
7967	4269
8529	4270
200	4271
7581	4272
2552	4273
8026	4274
2488	4275
5686	4276
9559	4277
3181	4278
2262	4279
86	4280
4831	4281
871	4282
959	4283
7413	4284
5608	4285
8186	4286
3461	4287
8690	4288
1592	4289
8496	4290
6308	4291
6572	4292
9272	4293
75	4294
975	4295
3803	4296
3038	4297
4818	4298
3868	4299
2506	4300
156	4301
6419	4302
352	4303
7879	4304
8514	4305
8339	4306
7767	4307
6789	4308
9560	4309
2067	4310
9244	4311
6902	4312
7597	4313
8864	4314
673	4315
1170	4316
3656	4317
333	4318
7284	4319
1574	4320
1122	4321
5493	4322
7632	4323
5025	4324
2562	4325
5198	4326
9915	4327
7634	4328
1218	4329
5867	4330
353	4331
4238	4332
6520	4333
8610	4334
6589	4335
9212	4336
3185	4337
4353	4338
4943	4339
7287	4340
8615	4341
1357	4342
9510	4343
5713	4344
3985	4345
7749	4346
2089	4347
6925	4348
4857	4349
630	4350
8302	4351
2870	4352
8543	4353
4476	4354
5897	4355
9199	4356
4724	4357
1598	4358
8450	4359
1570	4360
5200	4361
2970	4362
2969	4363
1910	4364
3693	4365
5767	4366
9498	4367
3813	4368
1347	4369
6166	4370
7869	4371
9397	4372
8580	4373
4289	4374
2698	4375
1484	4376
4070	4377
6255	4378
552	4379
8115	4380
7460	4381
494	4382
8985	4383
4537	4384
1156	4385
7414	4386
2747	4387
8558	4388
1727	4389
1629	4390
3232	4391
399	4392
9142	4393
6232	4394
9959	4395
6635	4396
8524	4397
5537	4398
3847	4399
2726	4400
8134	4401
3364	4402
8867	4403
8109	4404
9834	4405
8614	4406
7168	4407
8113	4408
2689	4409
8471	4410
7173	4411
1493	4412
7895	4413
7443	4414
2899	4415
8493	4416
3821	4417
7212	4418
5279	4419
6261	4420
1781	4421
6881	4422
2320	4423
5325	4424
6878	4425
870	4426
6796	4427
2883	4428
3058	4429
1118	4430
543	4431
585	4432
8681	4433
1630	4434
6106	4435
5476	4436
7968	4437
8074	4438
6102	4439
9038	4440
2478	4441
2115	4442
276	4443
7844	4444
756	4445
1257	4446
9573	4447
4031	4448
507	4449
1346	4450
1264	4451
6730	4452
22	4453
3437	4454
2553	4455
7247	4456
7069	4457
250	4458
6239	4459
8249	4460
3885	4461
9202	4462
2058	4463
1749	4464
7213	4465
7223	4466
6546	4467
7910	4468
9537	4469
9966	4470
3298	4471
2733	4472
4080	4473
8536	4474
4653	4475
4582	4476
8198	4477
509	4478
8270	4479
9549	4480
2827	4481
5788	4482
1415	4483
4880	4484
40	4485
8624	4486
4726	4487
8426	4488
8357	4489
549	4490
2655	4491
2280	4492
5731	4493
4468	4494
4300	4495
9859	4496
6036	4497
4351	4498
9008	4499
6705	4500
8491	4501
3937	4502
7934	4503
6101	4504
4421	4505
524	4506
4600	4507
3804	4508
7204	4509
7546	4510
3712	4511
9378	4512
9410	4513
7564	4514
4800	4515
4564	4516
7629	4517
9466	4518
6914	4519
6496	4520
3332	4521
5365	4522
1661	4523
8479	4524
4809	4525
8207	4526
2930	4527
4173	4528
6004	4529
2551	4530
9765	4531
6852	4532
5623	4533
9800	4534
4743	4535
1225	4536
8896	4537
697	4538
6793	4539
3898	4540
3451	4541
9667	4542
6518	4543
9218	4544
6061	4545
7229	4546
4171	4547
3782	4548
2093	4549
9961	4550
5804	4551
9887	4552
8770	4553
224	4554
2144	4555
3927	4556
7295	4557
5339	4558
7769	4559
6756	4560
685	4561
8880	4562
1438	4563
9128	4564
512	4565
1390	4566
6225	4567
2246	4568
1249	4569
1069	4570
4053	4571
4922	4572
3174	4573
2835	4574
658	4575
3151	4576
816	4577
4836	4578
4415	4579
500	4580
3755	4581
1921	4582
1667	4583
5051	4584
2056	4585
127	4586
9917	4587
4674	4588
5254	4589
9714	4590
5087	4591
4581	4592
9113	4593
2492	4594
4127	4595
4769	4596
2699	4597
2565	4598
9374	4599
1906	4600
8075	4601
7130	4602
8596	4603
910	4604
5930	4605
6307	4606
635	4607
4686	4608
3156	4609
846	4610
4303	4611
3304	4612
7410	4613
5806	4614
3214	4615
2181	4616
5677	4617
7825	4618
5603	4619
4777	4620
2781	4621
1195	4622
5582	4623
806	4624
9136	4625
4725	4626
4568	4627
7160	4628
4995	4629
5533	4630
9526	4631
7672	4632
6806	4633
2342	4634
8679	4635
101	4636
1192	4637
2583	4638
1024	4639
9241	4640
8082	4641
7041	4642
8006	4643
5211	4644
2520	4645
1628	4646
1149	4647
6664	4648
493	4649
7970	4650
6249	4651
7860	4652
9879	4653
4393	4654
5266	4655
7893	4656
8903	4657
1064	4658
5832	4659
2336	4660
6207	4661
6088	4662
3727	4663
1648	4664
3547	4665
8760	4666
6244	4667
4844	4668
9894	4669
2751	4670
6335	4671
3982	4672
3140	4673
7236	4674
4435	4675
8321	4676
9077	4677
9850	4678
2319	4679
501	4680
9484	4681
4343	4682
4609	4683
842	4684
3509	4685
3347	4686
1568	4687
5212	4688
372	4689
8057	4690
5893	4691
7804	4692
8225	4693
5863	4694
1432	4695
454	4696
7888	4697
4881	4698
4199	4699
7365	4700
2410	4701
4927	4702
9905	4703
2687	4704
1819	4705
4940	4706
9656	4707
4324	4708
6033	4709
2074	4710
7459	4711
7369	4712
3234	4713
4400	4714
9788	4715
5523	4716
6081	4717
3876	4718
1182	4719
9023	4720
917	4721
1393	4722
482	4723
2398	4724
3613	4725
4541	4726
3405	4727
5904	4728
5907	4729
9802	4730
6936	4731
6854	4732
3010	4733
3286	4734
139	4735
9333	4736
5514	4737
4438	4738
182	4739
9007	4740
1155	4741
4050	4742
7964	4743
486	4744
5989	4745
3150	4746
7021	4747
5663	4748
9353	4749
1159	4750
6302	4751
942	4752
8385	4753
9362	4754
3147	4755
4326	4756
2801	4757
7377	4758
9954	4759
6195	4760
4423	4761
782	4762
1713	4763
2697	4764
4946	4765
2517	4766
8264	4767
1460	4768
8133	4769
363	4770
9937	4771
2389	4772
4902	4773
5681	4774
3425	4775
5901	4776
5900	4777
2596	4778
2156	4779
1276	4780
9454	4781
1985	4782
6150	4783
6283	4784
6639	4785
9520	4786
9345	4787
3586	4788
9963	4789
6885	4790
4194	4791
2743	4792
1919	4793
3645	4794
4712	4795
4877	4796
24	4797
7424	4798
4397	4799
367	4800
5060	4801
4680	4802
9789	4803
8441	4804
8457	4805
5331	4806
7157	4807
5142	4808
8266	4809
9641	4810
7854	4811
1527	4812
4531	4813
7676	4814
4621	4815
3928	4816
6666	4817
9067	4818
5458	4819
4396	4820
9744	4821
9452	4822
4920	4823
2924	4824
6660	4825
832	4826
294	4827
9427	4828
2589	4829
1334	4830
8904	4831
4834	4832
6243	4833
1046	4834
1015	4835
6538	4836
1108	4837
5241	4838
1649	4839
8107	4840
1961	4841
6803	4842
3701	4843
9830	4844
6605	4845
3349	4846
234	4847
85	4848
7595	4849
8883	4850
8316	4851
3202	4852
6821	4853
3752	4854
440	4855
3064	4856
3759	4857
5971	4858
5899	4859
449	4860
6329	4861
9833	4862
8983	4863
5999	4864
3616	4865
9648	4866
474	4867
8768	4868
192	4869
5347	4870
3374	4871
8361	4872
4534	4873
9324	4874
8164	4875
1805	4876
5093	4877
4291	4878
6761	4879
3483	4880
1957	4881
5685	4882
5639	4883
2272	4884
359	4885
4507	4886
9003	4887
3297	4888
4536	4889
1738	4890
408	4891
4419	4892
6402	4893
3171	4894
312	4895
2277	4896
9913	4897
4356	4898
8069	4899
1399	4900
4110	4901
3751	4902
740	4903
8662	4904
9171	4905
7649	4906
6146	4907
5555	4908
7505	4909
5646	4910
9890	4911
7575	4912
7920	4913
1880	4914
3313	4915
2521	4916
9189	4917
1696	4918
805	4919
6696	4920
3049	4921
9190	4922
5	4923
7772	4924
7150	4925
4252	4926
6396	4927
6678	4928
7214	4929
2427	4930
1821	4931
8216	4932
937	4933
6943	4934
3528	4935
9337	4936
6790	4937
3083	4938
6894	4939
52	4940
9677	4941
5622	4942
3665	4943
2807	4944
9725	4945
4918	4946
9024	4947
6984	4948
6861	4949
2694	4950
2810	4951
8808	4952
539	4953
4236	4954
5524	4955
16	4956
6332	4957
5153	4958
7315	4959
111	4960
8948	4961
1132	4962
1165	4963
897	4964
5421	4965
9358	4966
3430	4967
7770	4968
8383	4969
5794	4970
2442	4971
3690	4972
5114	4973
6609	4974
6420	4975
7039	4976
2057	4977
8846	4978
3375	4979
4815	4980
7098	4981
7417	4982
3143	4983
5118	4984
3112	4985
9200	4986
7977	4987
7158	4988
7542	4989
7466	4990
1803	4991
6044	4992
3706	4993
6137	4994
8359	4995
7820	4996
8997	4997
3635	4998
204	4999
5799	5000
5231	5001
2121	5002
6525	5003
8163	5004
2846	5005
8127	5006
396	5007
180	5008
8195	5009
2503	5010
6784	5011
6611	5012
6652	5013
5949	5014
2164	5015
719	5016
9726	5017
4489	5018
4244	5019
1456	5020
898	5021
3523	5022
9291	5023
4713	5024
1926	5025
77	5026
504	5027
7950	5028
7691	5029
7517	5030
4994	5031
928	5032
467	5033
6289	5034
4211	5035
2305	5036
8369	5037
6940	5038
1401	5039
4570	5040
8618	5041
5188	5042
173	5043
2840	5044
2096	5045
5010	5046
1381	5047
4936	5048
2818	5049
722	5050
2922	5051
3687	5052
6581	5053
3456	5054
6662	5055
6205	5056
8096	5057
3109	5058
8943	5059
3653	5060
9651	5061
7730	5062
420	5063
3730	5064
2027	5065
3958	5066
1114	5067
559	5068
5871	5069
1712	5070
3306	5071
4521	5072
4057	5073
9907	5074
7689	5075
2866	5076
6752	5077
2910	5078
5644	5079
1754	5080
4371	5081
1007	5082
9390	5083
1666	5084
7426	5085
675	5086
5041	5087
783	5088
2630	5089
5510	5090
9538	5091
3383	5092
5641	5093
4273	5094
1730	5095
6410	5096
3811	5097
8968	5098
8467	5099
1033	5100
7828	5101
5725	5102
8158	5103
2755	5104
5190	5105
7408	5106
8749	5107
4388	5108
521	5109
1832	5110
9908	5111
1681	5112
1873	5113
4502	5114
2209	5115
7705	5116
3695	5117
3909	5118
4670	5119
8500	5120
5098	5121
1914	5122
5892	5123
2016	5124
8190	5125
3271	5126
5511	5127
1137	5128
3457	5129
7203	5130
2819	5131
5112	5132
5828	5133
3068	5134
1086	5135
3941	5136
9457	5137
3022	5138
4838	5139
5650	5140
8747	5141
2054	5142
2968	5143
471	5144
8214	5145
2001	5146
9682	5147
5204	5148
7683	5149
1562	5150
4466	5151
7133	5152
2046	5153
5308	5154
2587	5155
6365	5156
1154	5157
8585	5158
6057	5159
8587	5160
672	5161
2731	5162
2928	5163
4191	5164
2686	5165
5666	5166
3366	5167
118	5168
1513	5169
1319	5170
5375	5171
5285	5172
3201	5173
7510	5174
2567	5175
6021	5176
1012	5177
6500	5178
4554	5179
6448	5180
3071	5181
3262	5182
4344	5183
4487	5184
5260	5185
5104	5186
9784	5187
2335	5188
1083	5189
6388	5190
537	5191
890	5192
4248	5193
2257	5194
5530	5195
5536	5196
4299	5197
3097	5198
3966	5199
7279	5200
2992	5201
9421	5202
4914	5203
9539	5204
8876	5205
6994	5206
2786	5207
3395	5208
9729	5209
5020	5210
4802	5211
1355	5212
1872	5213
8650	5214
2365	5215
7993	5216
5428	5217
8141	5218
4144	5219
7271	5220
5036	5221
3925	5222
8594	5223
858	5224
159	5225
4130	5226
319	5227
8800	5228
2764	5229
3716	5230
3634	5231
7356	5232
9473	5233
7771	5234
4266	5235
1883	5236
275	5237
8526	5238
7839	5239
8489	5240
249	5241
835	5242
2086	5243
2933	5244
2258	5245
6070	5246
35	5247
6759	5248
1860	5249
9756	5250
1486	5251
4835	5252
1299	5253
4822	5254
9893	5255
9276	5256
9133	5257
9486	5258
1139	5259
73	5260
4364	5261
9590	5262
1887	5263
90	5264
5481	5265
5880	5266
1878	5267
8120	5268
8173	5269
3619	5270
7065	5271
3572	5272
2415	5273
3254	5274
5273	5275
3305	5276
4499	5277
6160	5278
3844	5279
1217	5280
1916	5281
1707	5282
3253	5283
8140	5284
4209	5285
9813	5286
7135	5287
8077	5288
4022	5289
2457	5290
654	5291
4782	5292
2292	5293
6212	5294
1138	5295
787	5296
7792	5297
4710	5298
1183	5299
5374	5300
8807	5301
1395	5302
9676	5303
8735	5304
4121	5305
5269	5306
8858	5307
8237	5308
609	5309
7411	5310
327	5311
4258	5312
6532	5313
7856	5314
7551	5315
2012	5316
780	5317
5284	5318
3429	5319
9152	5320
3245	5321
4313	5322
4078	5323
1311	5324
8640	5325
6074	5326
4328	5327
5468	5328
982	5329
1877	5330
6837	5331
7246	5332
9196	5333
4445	5334
6529	5335
9502	5336
223	5337
3721	5338
3551	5339
1692	5340
4861	5341
8701	5342
814	5343
8575	5344
1097	5345
4812	5346
9398	5347
6475	5348
6471	5349
6246	5350
8261	5351
8487	5352
648	5353
7635	5354
4116	5355
125	5356
2579	5357
4790	5358
7549	5359
5127	5360
3301	5361
7375	5362
9540	5363
3944	5364
3436	5365
6974	5366
9432	5367
2003	5368
6622	5369
8314	5370
4763	5371
8683	5372
2982	5373
1769	5374
1130	5375
6620	5376
169	5377
7109	5378
4336	5379
1515	5380
3785	5381
6502	5382
573	5383
2528	5384
996	5385
4549	5386
8655	5387
5015	5388
8715	5389
7902	5390
6565	5391
4858	5392
7682	5393
7998	5394
1964	5395
5301	5396
9245	5397
9124	5398
8183	5399
877	5400
3302	5401
7704	5402
5620	5403
7614	5404
397	5405
9752	5406
435	5407
5311	5408
5627	5409
9430	5410
4195	5411
4567	5412
4955	5413
896	5414
7736	5415
2907	5416
3356	5417
9364	5418
92	5419
9534	5420
4278	5421
9064	5422
5414	5423
2033	5424
3881	5425
5116	5426
9698	5427
1314	5428
1550	5429
8452	5430
2462	5431
3967	5432
9357	5433
284	5434
4919	5435
899	5436
5097	5437
5671	5438
765	5439
4648	5440
147	5441
7432	5442
2972	5443
3764	5444
6618	5445
9322	5446
8602	5447
7562	5448
7309	5449
3761	5450
5328	5451
6427	5452
116	5453
4522	5454
2771	5455
3999	5456
6648	5457
678	5458
3358	5459
9757	5460
2586	5461
1423	5462
2839	5463
9767	5464
2196	5465
9210	5466
6733	5467
8174	5468
2147	5469
5184	5470
1888	5471
108	5472
214	5473
7556	5474
9593	5475
7053	5476
7764	5477
4806	5478
2221	5479
7125	5480
6540	5481
7180	5482
9423	5483
836	5484
9633	5485
2006	5486
6479	5487
2563	5488
3075	5489
4971	5490
4036	5491
591	5492
3206	5493
4204	5494
3434	5495
2193	5496
8547	5497
6056	5498
6604	5499
6656	5500
5831	5501
2879	5502
3168	5503
7750	5504
4002	5505
8780	5506
3433	5507
4117	5508
2802	5509
5150	5510
8992	5511
3731	5512
4128	5513
4271	5514
3288	5515
523	5516
1558	5517
3732	5518
5332	5519
9415	5520
3880	5521
5268	5522
5938	5523
1583	5524
8908	5525
2390	5526
7371	5527
21	5528
7559	5529
8577	5530
8788	5531
4042	5532
7301	5533
3274	5534
2665	5535
575	5536
3295	5537
5796	5538
8993	5539
1412	5540
6933	5541
1564	5542
3555	5543
6262	5544
8680	5545
9278	5546
5261	5547
8215	5548
6490	5549
9895	5550
4846	5551
6577	5552
5366	5553
9467	5554
9842	5555
7966	5556
5592	5557
6839	5558
1272	5559
6625	5560
7815	5561
9868	5562
8353	5563
5996	5564
2203	5565
5494	5566
297	5567
3479	5568
7322	5569
2281	5570
6691	5571
2282	5572
5168	5573
5014	5574
6757	5575
7071	5576
3401	5577
1884	5578
5215	5579
487	5580
8132	5581
6392	5582
785	5583
9273	5584
9318	5585
826	5586
6250	5587
6824	5588
3861	5589
8335	5590
3987	5591
5402	5592
9824	5593
5236	5594
626	5595
7768	5596
2871	5597
1834	5598
6097	5599
1999	5600
5701	5601
4147	5602
2236	5603
3773	5604
2154	5605
4182	5606
855	5607
7332	5608
6601	5609
4884	5610
5084	5611
3082	5612
194	5613
2967	5614
1847	5615
254	5616
1593	5617
1461	5618
555	5619
7154	5620
5270	5621
2064	5622
3515	5623
2334	5624
1775	5625
1422	5626
983	5627
2640	5628
8815	5629
2855	5630
3394	5631
4742	5632
7748	5633
1506	5634
5703	5635
1061	5636
4847	5637
4816	5638
4281	5639
2588	5640
2986	5641
8617	5642
2229	5643
6333	5644
3477	5645
5772	5646
4559	5647
1345	5648
1732	5649
3413	5650
5579	5651
3781	5652
3357	5653
1157	5654
2216	5655
4142	5656
1688	5657
7137	5658
7822	5659
7703	5660
6931	5661
7380	5662
5439	5663
6753	5664
5465	5665
8767	5666
5230	5667
2195	5668
9874	5669
8358	5670
1905	5671
4129	5672
7554	5673
5226	5674
9254	5675
7084	5676
4889	5677
6818	5678
9225	5679
5140	5680
2639	5681
9461	5682
2347	5683
4309	5684
2386	5685
9684	5686
279	5687
1262	5688
4341	5689
4706	5690
3335	5691
3063	5692
2260	5693
4345	5694
541	5695
476	5696
6217	5697
7659	5698
6416	5699
9495	5700
6728	5701
1106	5702
1173	5703
6128	5704
857	5705
532	5706
7398	5707
5086	5708
9075	5709
3501	5710
9832	5711
3689	5712
164	5713
6693	5714
6110	5715
9310	5716
615	5717
2847	5718
4470	5719
4123	5720
8862	5721
6657	5722
288	5723
1307	5724
4878	5725
1767	5726
4096	5727
6242	5728
4113	5729
5225	5730
3153	5731
3158	5732
8901	5733
4019	5734
9255	5735
3879	5736
4337	5737
9302	5738
5067	5739
908	5740
5889	5741
8184	5742
8374	5743
2777	5744
828	5745
2856	5746
5497	5747
8644	5748
6010	5749
7239	5750
9464	5751
9554	5752
6879	5753
9647	5754
499	5755
9019	5756
9557	5757
3566	5758
1981	5759
706	5760
7480	5761
9287	5762
389	5763
6084	5764
4954	5765
2332	5766
1470	5767
7149	5768
6152	5769
5546	5770
3747	5771
1019	5772
6313	5773
5463	5774
8017	5775
5654	5776
2479	5777
1328	5778
1179	5779
205	5780
2720	5781
4102	5782
6437	5783
5139	5784
3343	5785
6201	5786
2728	5787
3694	5788
7516	5789
3419	5790
4617	5791
8689	5792
5059	5793
6564	5794
1632	5795
6659	5796
3072	5797
5638	5798
6571	5799
2111	5800
3658	5801
7258	5802
8453	5803
2909	5804
2050	5805
599	5806
4917	5807
3654	5808
9964	5809
6474	5810
4938	5811
3612	5812
2352	5813
5653	5814
9625	5815
2038	5816
248	5817
1589	5818
2082	5819
7107	5820
6829	5821
1653	5822
7329	5823
601	5824
6513	5825
5721	5826
4928	5827
2237	5828
9741	5829
732	5830
2136	5831
5672	5832
949	5833
5157	5834
6024	5835
2279	5836
5573	5837
5441	5838
7924	5839
598	5840
4458	5841
9205	5842
2829	5843
3905	5844
6890	5845
2171	5846
7794	5847
2892	5848
9967	5849
8835	5850
3450	5851
2490	5852
345	5853
2451	5854
4642	5855
7829	5856
684	5857
9922	5858
7717	5859
1102	5860
8181	5861
4069	5862
2317	5863
4350	5864
1408	5865
7625	5866
1087	5867
9293	5868
2391	5869
1285	5870
1263	5871
8598	5872
4286	5873
4574	5874
7259	5875
5042	5876
5923	5877
177	5878
6095	5879
1548	5880
6016	5881
4167	5882
2053	5883
8789	5884
4007	5885
4630	5886
3160	5887
8646	5888
1391	5889
400	5890
3091	5891
7894	5892
3446	5893
9492	5894
5103	5895
3067	5896
4662	5897
3448	5898
3518	5899
7756	5900
3644	5901
2523	5902
5443	5903
9883	5904
1757	5905
5856	5906
6390	5907
1092	5908
4874	5909
1457	5910
417	5911
163	5912
6348	5913
5645	5914
6290	5915
5998	5916
261	5917
9154	5918
461	5919
8643	5920
358	5921
960	5922
9672	5923
2172	5924
6173	5925
8999	5926
4347	5927
6380	5928
470	5929
8136	5930
55	5931
196	5932
5258	5933
266	5934
616	5935
3216	5936
4034	5937
5875	5938
1348	5939
9535	5940
4018	5941
60	5942
6593	5943
427	5944
4675	5945
5035	5946
7654	5947
5085	5948
5159	5949
7194	5950
1317	5951
7905	5952
9386	5953
8372	5954
7235	5955
6080	5956
3737	5957
9450	5958
289	5959
9776	5960
6482	5961
840	5962
2792	5963
9935	5964
3822	5965
7245	5966
4434	5967
619	5968
798	5969
4023	5970
7083	5971
3946	5972
5817	5973
9098	5974
1127	5975
6917	5976
102	5977
8940	5978
5548	5979
3602	5980
1266	5981
4406	5982
9087	5983
1818	5984
4503	5985
50	5986
7172	5987
16	5988
6	5989
7489	5990
7886	5991
2296	5992
8084	5993
6671	5994
9768	5995
2878	5996
166	5997
9448	5998
8597	5999
5594	6000
6175	6001
8879	6002
7852	6003
8651	6004
3113	6005
5993	6006
5503	6007
1215	6008
8600	6009
3830	6010
2738	6011
2529	6012
2938	6013
9527	6014
3183	6015
8674	6016
4934	6017
1862	6018
3511	6019
2533	6020
9284	6021
8605	6022
9927	6023
8720	6024
135	6025
6526	6026
3111	6027
6000	6028
1759	6029
3213	6030
2212	6031
1609	6032
1338	6033
5229	6034
2234	6035
5962	6036
2684	6037
7430	6038
7962	6039
3399	6040
5	6041
4592	6042
1740	6043
8844	6044
1855	6045
4358	6046
2737	6047
7674	6048
1768	6049
6488	6050
6090	6051
4771	6052
6214	6053
7818	6054
7743	6055
2493	6056
6222	6057
112	6058
8442	6059
6193	6060
3418	6061
8639	6062
1908	6063
861	6064
3707	6065
9543	6066
3459	6067
3866	6068
2370	6069
8303	6070
7889	6071
8934	6072
761	6073
4688	6074
9759	6075
6623	6076
7535	6077
7513	6078
1261	6079
3	6080
4025	6081
1398	6082
26	6083
2574	6084
731	6085
6723	6086
5240	6087
3020	6088
7056	6089
7681	6090
9747	6091
6663	6092
1990	6093
5910	6094
3117	6095
4682	6096
1608	6097
1316	6098
1104	6099
7791	6100
5221	6101
4405	6102
6213	6103
9108	6104
9270	6105
4716	6106
3649	6107
9326	6108
1501	6109
7647	6110
7651	6111
2274	6112
1571	6113
4969	6114
9180	6115
4513	6116
2571	6117
1854	6118
2140	6119
8530	6120
361	6121
3293	6122
1956	6123
1534	6124
6557	6125
5330	6126
8520	6127
6256	6128
1822	6129
1103	6130
1790	6131
9115	6132
9772	6133
1049	6134
1595	6135
6744	6136
7042	6137
5424	6138
5642	6139
5371	6140
8995	6141
1452	6142
4030	6143
7746	6144
9513	6145
201	6146
4903	6147
9723	6148
682	6149
7188	6150
2357	6151
3668	6152
8727	6153
9434	6154
5609	6155
7023	6156
3089	6157
3589	6158
9004	6159
3154	6160
6508	6161
687	6162
7075	6163
8900	6164
6422	6165
837	6166
2985	6167
8010	6168
7211	6169
9653	6170
8657	6171
519	6172
3123	6173
3350	6174
428	6175
5551	6176
5131	6177
8938	6178
2813	6179
6915	6180
9477	6181
1136	6182
6535	6183
845	6184
3438	6185
3323	6186
392	6187
5315	6188
7853	6189
2128	6190
7745	6191
694	6192
5192	6193
7550	6194
2266	6195
6354	6196
5779	6197
2885	6198
1861	6199
7170	6200
3275	6201
3389	6202
1277	6203
3832	6204
4012	6205
6658	6206
8688	6207
8676	6208
7102	6209
2915	6210
58	6211
442	6212
2504	6213
7701	6214
8965	6215
9150	6216
2541	6217
5811	6218
3786	6219
1500	6220
9478	6221
688	6222
2444	6223
9632	6224
7082	6225
5858	6226
6117	6227
2757	6228
2350	6229
6963	6230
1943	6231
1403	6232
1202	6233
4784	6234
5326	6235
8277	6236
5396	6237
5292	6238
1646	6239
9072	6240
755	6241
1987	6242
9140	6243
550	6244
5454	6245
1940	6246
7712	6247
998	6248
1634	6249
9845	6250
1864	6251
9013	6252
5611	6253
2631	6254
724	6255
9885	6256
2293	6257
7111	6258
3663	6259
6636	6260
4205	6261
6257	6262
1407	6263
9433	6264
160	6265
5409	6266
2941	6267
2991	6268
1918	6269
9694	6270
8408	6271
2962	6272
6462	6273
8418	6274
8003	6275
3796	6276
8745	6277
7310	6278
10	6279
2609	6280
9012	6281
2621	6282
2681	6283
4912	6284
7429	6285
1658	6286
8753	6287
1290	6288
1389	6289
921	6290
3806	6291
583	6292
7269	6293
4091	6294
773	6295
569	6296
3780	6297
1753	6298
1680	6299
4155	6300
9000	6301
2746	6302
4402	6303
6900	6304
9459	6305
5935	6306
1278	6307
8280	6308
7355	6309
6280	6310
8682	6311
4189	6312
7422	6313
6003	6314
8686	6315
3625	6316
5766	6317
5508	6318
5823	6319
5107	6320
5485	6321
3256	6322
602	6323
2014	6324
8469	6325
5665	6326
5074	6327
965	6328
804	6329
8777	6330
7697	6331
9585	6332
1329	6333
6515	6334
5829	6335
1848	6336
9707	6337
9872	6338
7473	6339
6960	6340
9500	6341
3135	6342
9921	6343
5652	6344
3074	6345
3753	6346
3352	6347
6430	6348
2844	6349
3009	6350
6797	6351
5278	6352
3530	6353
4463	6354
6860	6355
1724	6356
2736	6357
2288	6358
6630	6359
6634	6360
4707	6361
9587	6362
5224	6363
6476	6364
7807	6365
2167	6366
627	6367
6748	6368
4947	6369
1541	6370
5034	6371
8459	6372
1702	6373
8797	6374
8820	6375
8769	6376
6025	6377
7948	6378
3878	6379
6718	6380
4473	6381
3243	6382
1020	6383
9354	6384
2570	6385
9088	6386
681	6387
642	6388
3543	6389
6252	6390
6999	6391
1838	6392
1352	6393
1567	6394
7837	6395
3092	6396
7884	6397
612	6398
2099	6399
8032	6400
4111	6401
9623	6402
5712	6403
9148	6404
4067	6405
1023	6406
9718	6407
5552	6408
6413	6409
237	6410
240	6411
2606	6412
4282	6413
9121	6414
3633	6415
2943	6416
515	6417
1331	6418
4226	6419
8706	6420
664	6421
6295	6422
5589	6423
5108	6424
2573	6425
2948	6426
6813	6427
7849	6428
5147	6429
736	6430
7113	6431
1011	6432
446	6433
8412	6434
8286	6435
5815	6436
4058	6437
1923	6438
7500	6439
1330	6440
7534	6441
1890	6442
5062	6443
2214	6444
3531	6445
6236	6446
5237	6447
3290	6448
3122	6449
3388	6450
1733	6451
9208	6452
4823	6453
7451	6454
1947	6455
644	6456
6180	6457
6177	6458
1670	6459
3798	6460
38	6461
3404	6462
4263	6463
4579	6464
9105	6465
5591	6466
9904	6467
6345	6468
7492	6469
2388	6470
7928	6471
263	6472
841	6473
2575	6474
6543	6475
9775	6476
7679	6477
1545	6478
9250	6479
7299	6480
9831	6481
9384	6482
3056	6483
7096	6484
3581	6485
9592	6486
3410	6487
457	6488
8499	6489
1772	6490
3772	6491
19	6492
231	6493
807	6494
7677	6495
2150	6496
5257	6497
8557	6498
7961	6499
9335	6500
4730	6501
8741	6502
4819	6503
1017	6504
3717	6505
2837	6506
8668	6507
4461	6508
4624	6509
1109	6510
5004	6511
6713	6512
4148	6513
9237	6514
918	6515
3016	6516
9247	6517
8703	6518
527	6519
1710	6520
7628	6521
5486	6522
3220	6523
2894	6524
4208	6525
4460	6526
3391	6527
2368	6528
2425	6529
6638	6530
9347	6531
1193	6532
8991	6533
2002	6534
3390	6535
8238	6536
5792	6537
402	6538
9763	6539
9569	6540
7941	6541
12	6542
3027	6543
4550	6544
1504	6545
5048	6546
2378	6547
8691	6548
7193	6549
4166	6550
1066	6551
2377	6552
4297	6553
3810	6554
9016	6555
7652	6556
9240	6557
6418	6558
606	6559
1464	6560
7352	6561
3449	6562
1499	6563
3660	6564
4684	6565
2303	6566
444	6567
5376	6568
2600	6569
5959	6570
528	6571
3749	6572
8055	6573
7215	6574
2951	6575
2849	6576
2544	6577
3691	6578
9428	6579
3296	6580
3741	6581
3224	6582
8764	6583
2882	6584
7464	6585
8048	6586
6791	6587
7362	6588
3757	6589
7019	6590
3146	6591
878	6592
7251	6593
4331	6594
4457	6595
1526	6596
6216	6597
5089	6598
2120	6599
4200	6600
5797	6601
6278	6602
3797	6603
961	6604
2215	6605
665	6606
5633	6607
969	6608
9188	6609
5110	6610
8571	6611
477	6612
8791	6613
4765	6614
1566	6615
8926	6616
9919	6617
8476	6618
4411	6619
5978	6620
6596	6621
6509	6622
2191	6623
9485	6624
3577	6625
3907	6626
6830	6627
7087	6628
1213	6629
556	6630
2034	6631
6966	6632
7520	6633
33	6634
1336	6635
18	6636
6762	6637
8405	6638
6259	6639
8826	6640
3955	6641
2770	6642
5946	6643
8885	6644
3144	6645
6119	6646
252	6647
3942	6648
4073	6649
9965	6650
3480	6651
5342	6652
4993	6653
1825	6654
3070	6655
8562	6656
9463	6657
5384	6658
7391	6659
3445	6660
133	6661
7558	6662
4112	6663
7864	6664
7954	6665
2714	6666
8239	6667
7665	6668
7626	6669
6645	6670
2105	6671
5055	6672
6954	6673
6725	6674
8754	6675
6717	6676
1147	6677
4989	6678
9901	6679
9118	6680
4493	6681
7798	6682
4325	6683
1417	6684
6766	6685
3495	6686
5146	6687
6254	6688
3995	6689
105	6690
4146	6691
1787	6692
4893	6693
8975	6694
5096	6695
425	6696
6067	6697
7224	6698
1190	6699
3521	6700
1200	6701
6770	6702
3997	6703
2498	6704
6551	6705
1367	6706
1361	6707
280	6708
3629	6709
2066	6710
8987	6711
8512	6712
4020	6713
9373	6714
6492	6715
9658	6716
5733	6717
991	6718
563	6719
7226	6720
2431	6721
6961	6722
5174	6723
1659	6724
8078	6725
1983	6726
8661	6727
4647	6728
8188	6729
778	6730
1115	6731
8886	6732
2497	6733
9375	6734
8917	6735
7877	6736
5850	6737
8341	6738
8106	6739
3103	6740
7383	6741
305	6742
6383	6743
2349	6744
3676	6745
5392	6746
6798	6747
2206	6748
6644	6749
7368	6750
9418	6751
421	6752
6162	6753
3514	6754
962	6755
5132	6756
5290	6757
5835	6758
8308	6759
8829	6760
107	6761
7870	6762
6210	6763
9828	6764
3977	6765
1254	6766
558	6767
8031	6768
581	6769
5348	6770
1333	6771
7276	6772
7114	6773
7780	6774
6760	6775
716	6776
7533	6777
5394	6778
1236	6779
8953	6780
3940	6781
2456	6782
2971	6783
8091	6784
3244	6785
171	6786
6714	6787
2489	6788
2418	6789
5255	6790
3498	6791
3148	6792
4143	6793
9615	6794
8502	6795
1107	6796
5968	6797
2557	6798
4362	6799
5092	6800
895	6801
865	6802
1186	6803
438	6804
5521	6805
4950	6806
4732	6807
5149	6808
2010	6809
4230	6810
8898	6811
834	6812
3848	6813
4973	6814
8244	6815
3947	6816
9814	6817
8732	6818
8253	6819
5106	6820
5312	6821
5120	6822
8151	6823
6303	6824
9582	6825
9638	6826
3379	6827
7220	6828
2707	6829
3935	6830
7802	6831
7335	6832
1042	6833
4401	6834
370	6835
34	6836
346	6837
2403	6838
9550	6839
9817	6840
3655	6841
5480	6842
3996	6843
1074	6844
2109	6845
4277	6846
6309	6847
3337	6848
4312	6849
1116	6850
2712	6851
1752	6852
8423	6853
1471	6854
9041	6855
7840	6856
1863	6857
2419	6858
2955	6859
8169	6860
9317	6861
8717	6862
6386	6863
3212	6864
5369	6865
8482	6866
7393	6867
9659	6868
1705	6869
3081	6870
7068	6871
6094	6872
8527	6873
8156	6874
7298	6875
3970	6876
7753	6877
4004	6878
4803	6879
8265	6880
7302	6881
2130	6882
9930	6883
7249	6884
8283	6885
7169	6886
306	6887
8507	6888
4583	6889
9581	6890
7808	6891
9239	6892
2691	6893
6369	6894
4233	6895
7787	6896
4098	6897
340	6898
199	6899
5134	6900
2671	6901
8005	6902
6042	6903
6155	6904
5410	6905
3210	6906
110	6907
5017	6908
5771	6909
2548	6910
1364	6911
5436	6912
5416	6913
7280	6914
9395	6915
89	6916
5969	6917
831	6918
774	6919
3624	6920
8626	6921
5066	6922
8695	6923
6429	6924
3673	6925
633	6926
9754	6927
5413	6928
4638	6929
6906	6930
1177	6931
26	6932
3913	6933
307	6934
1650	6935
7773	6936
2657	6937
2408	6938
6617	6939
5805	6940
6886	6941
2017	6942
7404	6943
1332	6944
1365	6945
3887	6946
6114	6947
7463	6948
9005	6949
2546	6950
2582	6951
226	6952
6096	6953
1322	6954
1575	6955
8282	6956
9092	6957
362	6958
4992	6959
8980	6960
9242	6961
2522	6962
1442	6963
5191	6964
6215	6965
8322	6966
6514	6967
6619	6968
5007	6969
5404	6970
4939	6971
6846	6972
2101	6973
4551	6974
1474	6975
2108	6976
8832	6977
9730	6978
4607	6979
3005	6980
8837	6981
4603	6982
1715	6983
5802	6984
8508	6985
860	6986
1145	6987
1400	6988
7307	6989
2841	6990
3261	6991
4641	6992
7070	6993
6822	6994
4109	6995
324	6996
6126	6997
7612	6998
469	6999
4676	7000
689	7001
2826	7002
5928	7003
2823	7004
5046	7005
4529	7006
3912	7007
8843	7008
1450	7009
1699	7010
5210	7011
9595	7012
6319	7013
8833	7014
7049	7015
9869	7016
6279	7017
9139	7018
8724	7019
3496	7020
8830	7021
6819	7022
2796	7023
1846	7024
1576	7025
4011	7026
4314	7027
9198	7028
5749	7029
6695	7030
8698	7031
5271	7032
9409	7033
8544	7034
8020	7035
5451	7036
2476	7037
6363	7038
2187	7039
1693	7040
8135	7041
259	7042
8187	7043
1358	7044
5798	7045
3043	7046
948	7047
9344	7048
817	7049
7013	7050
8586	7051
1111	7052
6683	7053
6669	7054
6774	7055
1622	7056
3478	7057
4968	7058
8318	7059
7228	7060
5412	7061
3268	7062
4447	7063
958	7064
9338	7065
3829	7066
7504	7067
130	7068
9737	7069
8034	7070
6046	7071
144	7072
8089	7073
8634	7074
2340	7075
912	7076
7423	7077
1030	7078
9363	7079
4751	7080
6901	7081
3953	7082
7136	7083
939	7084
1840	7085
5605	7086
8595	7087
2440	7088
3041	7089
3215	7090
1544	7091
4365	7092
2685	7093
7134	7094
7932	7095
809	7096
2023	7097
4979	7098
7448	7099
6356	7100
9465	7101
7667	7102
1076	7103
693	7104
293	7105
1958	7106
9522	7107
9283	7108
491	7109
6099	7110
1909	7111
4330	7112
4410	7113
6187	7114
2772	7115
7339	7116
5816	7117
5987	7118
1637	7119
1865	7120
8838	7121
4026	7122
9897	7123
8380	7124
3718	7125
8603	7126
9785	7127
4879	7128
4179	7129
9531	7130
8110	7131
5545	7132
5933	7133
4817	7134
2285	7135
885	7136
738	7137
1813	7138
4825	7139
2577	7140
9161	7141
9417	7142
321	7143
9314	7144
3283	7145
8276	7146
1275	7147
6116	7148
838	7149
7297	7150
3991	7151
1028	7152
3674	7153
9185	7154
6573	7155
6436	7156
1992	7157
3194	7158
821	7159
6976	7160
5559	7161
9411	7162
8125	7163
9939	7164
1582	7165
6238	7166
3765	7167
3870	7168
6491	7169
6342	7170
2367	7171
1180	7172
238	7173
1997	7174
7882	7175
657	7176
2524	7177
1835	7178
5232	7179
1791	7180
5288	7181
3688	7182
6170	7183
8712	7184
2654	7185
7073	7186
6312	7187
2364	7188
191	7189
6338	7190
2954	7191
5307	7192
3019	7193
2131	7194
7740	7195
4474	7196
3269	7197
7091	7198
8473	7199
7904	7200
4239	7201
3242	7202
1495	7203
7260	7204
4168	7205
4988	7206
3000	7207
1440	7208
3950	7209
5995	7210
9160	7211
8731	7212
1148	7213
3888	7214
6467	7215
7286	7216
8969	7217
8281	7218
4759	7219
4294	7220
2032	7221
4187	7222
2704	7223
1939	7224
2848	7225
9065	7226
679	7227
3574	7228
3468	7229
7190	7230
2047	7231
4262	7232
776	7233
9584	7234
7428	7235
9367	7236
2619	7237
1294	7238
7663	7239
4296	7240
2037	7241
3385	7242
9805	7243
6848	7244
6542	7245
5427	7246
7805	7247
7308	7248
8931	7249
8783	7250
7140	7251
8905	7252
1806	7253
7353	7254
593	7255
4329	7256
8763	7257
6045	7258
7610	7259
8873	7260
1763	7261
6292	7262
4535	7263
9545	7264
30	7265
406	7266
2742	7267
2543	7268
7775	7269
6253	7270
1337	7271
385	7272
2170	7273
7596	7274
1059	7275
5364	7276
1741	7277
2185	7278
6600	7279
7585	7280
5570	7281
3580	7282
9219	7283
7381	7284
9577	7285
9305	7286
3640	7287
2311	7288
1804	7289
6647	7290
5403	7291
974	7292
9081	7293
7227	7294
8192	7295
2656	7296
4009	7297
3494	7298
6457	7299
6447	7300
3972	7301
6522	7302
6923	7303
5002	7304
9404	7305
9627	7306
7288	7307
2432	7308
6556	7309
7303	7310
4255	7311
9010	7312
8454	7313
7830	7314
3054	7315
6093	7316
4231	7317
6223	7318
4882	7319
7622	7320
711	7321
5247	7322
7477	7323
4563	7324
6995	7325
1569	7326
9227	7327
3325	7328
6367	7329
2820	7330
4416	7331
9946	7332
4605	7333
8030	7334
3159	7335
2788	7336
4787	7337
8488	7338
6826	7339
5932	7340
4288	7341
8939	7342
4181	7343
5250	7344
729	7345
984	7346
3431	7347
7541	7348
4991	7349
8667	7350
8129	7351
7074	7352
5777	7353
8088	7354
9295	7355
3980	7356
15	7357
4441	7358
8240	7359
137	7360
3808	7361
6425	7362
7929	7363
1745	7364
9145	7365
6576	7366
7270	7367
1212	7368
2019	7369
6754	7370
3579	7371
4789	7372
2060	7373
412	7374
2286	7375
433	7376
3060	7377
8718	7378
580	7379
4528	7380
5344	7381
9168	7382
480	7383
7580	7384
481	7385
2	7386
9898	7387
7664	7388
786	7389
7582	7390
2433	7391
4734	7392
777	7393
9073	7394
6722	7395
4285	7396
6227	7397
6912	7398
9678	7399
7027	7400
9080	7401
5826	7402
5821	7403
5052	7404
7085	7405
9292	7406
8845	7407
5631	7408
7067	7409
9739	7410
188	7411
9260	7412
7721	7413
6641	7414
4186	7415
1517	7416
3353	7417
6946	7418
9282	7419
4054	7420
8242	7421
3852	7422
80	7423
9414	7424
5022	7425
7669	7426
6148	7427
5101	7428
4280	7429
11	7430
3692	7431
6012	7432
326	7433
2581	7434
5617	7435
2240	7436
3051	7437
9552	7438
1425	7439
1406	7440
8729	7441
5601	7442
8705	7443
5341	7444
5186	7445
4174	7446
7273	7447
4075	7448
2375	7449
2117	7450
772	7451
1770	7452
7166	7453
3890	7454
7981	7455
8513	7456
4776	7457
8740	7458
4904	7459
1690	7460
1172	7461
9565	7462
1901	7463
1928	7464
140	7465
68	7466
2550	7467
7094	7468
8483	7469
909	7470
2041	7471
4740	7472
7326	7473
4932	7474
1639	7475
8182	7476
95	7477
5973	7478
6310	7479
7644	7480
6569	7481
6007	7482
2409	7483
8438	7484
2525	7485
4024	7486
6884	7487
9201	7488
1343	7489
3484	7490
5878	7491
1777	7492
1036	7493
6460	7494
5444	7495
8794	7496
8922	7497
1853	7498
8645	7499
8401	7500
1552	7501
4105	7502
7724	7503
5690	7504
811	7505
7777	7506
3904	7507
8297	7508
9734	7509
9234	7510
4737	7511
7395	7512
9945	7513
8407	7514
6781	7515
4192	7516
3470	7517
1131	7518
9892	7519
5687	7520
1735	7521
7690	7522
5520	7523
3090	7524
3713	7525
4978	7526
6058	7527
5865	7528
7599	7529
3189	7530
850	7531
5637	7532
1636	7533
3182	7534
2780	7535
7633	7536
4045	7537
2395	7538
49	7539
7866	7540
6149	7541
2114	7542
3303	7543
4498	7544
4704	7545
8819	7546
9157	7547
3709	7548
9047	7549
7709	7550
9877	7551
9327	7552
117	7553
4977	7554
699	7555
4482	7556
4679	7557
1411	7558
7502	7559
9561	7560
4876	7561
5515	7562
4454	7563
941	7564
154	7565
8967	7566
5317	7567
9809	7568
142	7569
3512	7570
3386	7571
8326	7572
589	7573
9481	7574
4598	7575
5333	7576
2333	7577
9229	7578
8329	7579
6124	7580
3610	7581
640	7582
9942	7583
4385	7584
4951	7585
9329	7586
8890	7587
4633	7588
7871	7589
1537	7590
8440	7591
9025	7592
1454	7593
1524	7594
2778	7595
3651	7596
2758	7597
4666	7598
6947	7599
292	7600
8145	7601
7958	7602
9780	7603
2593	7604
7436	7605
8021	7606
7972	7607
2284	7608
7192	7609
3472	7610
366	7611
5945	7612
9469	7613
7678	7614
6802	7615
9673	7616
737	7617
8290	7618
5406	7619
4628	7620
2159	7621
9403	7622
2923	7623
414	7624
5282	7625
9783	7626
7195	7627
3505	7628
6952	7629
7834	7630
1006	7631
2137	7632
9670	7633
4960	7634
6362	7635
197	7636
1551	7637
5541	7638
2711	7639
4962	7640
1344	7641
5814	7642
9056	7643
56	7644
8278	7645
4610	7646
8927	7647
320	7648
4132	7649
8099	7650
3961	7651
8707	7652
2569	7653
1525	7654
413	7655
9022	7656
3360	7657
2797	7658
3085	7659
4469	7660
1995	7661
1626	7662
7234	7663
8582	7664
7108	7665
5023	7666
4256	7667
9389	7668
381	7669
8786	7670
6833	7671
1765	7672
5088	7673
6049	7674
5803	7675
9716	7676
3167	7677
7906	7678
6805	7679
7577	7680
6916	7681
9722	7682
9777	7683
4539	7684
9173	7685
907	7686
2850	7687
5467	7688
4455	7689
7563	7690
9798	7691
7835	7692
9211	7693
5952	7694
3585	7695
4546	7696
874	7697
677	7698
1559	7699
3621	7700
4160	7701
3549	7702
7419	7703
5986	7704
3858	7705
1785	7706
9259	7707
4611	7708
308	7709
830	7710
4774	7711
7872	7712
6637	7713
1514	7714
1963	7715
291	7716
6337	7717
6530	7718
3911	7719
7859	7720
1188	7721
9026	7722
1587	7723
3918	7724
8719	7725
2308	7726
7983	7727
2295	7728
1761	7729
3165	7730
8416	7731
2779	7732
5691	7733
3132	7734
8671	7735
5947	7736
8478	7737
3099	7738
4302	7739
3570	7740
5069	7741
2945	7742
4218	7743
5915	7744
423	7745
2859	7746
2182	7747
5909	7748
9548	7749
9870	7750
4650	7751
455	7752
6065	7753
7567	7754
9843	7755
8994	7756
1820	7757
3312	7758
3129	7759
2722	7760
1424	7761
9116	7762
3573	7763
8327	7764
4477	7765
2157	7766
2535	7767
3825	7768
5038	7769
2428	7770
8130	7771
2868	7772
6027	7773
6098	7774
5912	7775
6831	7776
6545	7777
3188	7778
2680	7779
3488	7780
6735	7781
3857	7782
5431	7783
5768	7784
8108	7785
5914	7786
6186	7787
2183	7788
484	7789
473	7790
8892	7791
4064	7792
5125	7793
8033	7794
4442	7795
4657	7796
5426	7797
2663	7798
754	7799
9311	7800
7557	7801
9541	7802
8168	7803
2055	7804
4352	7805
6924	7806
42	7807
6245	7808
8635	7809
5078	7810
8413	7811
6316	7812
1465	7813
9960	7814
5965	7815
6842	7816
1602	7817
5423	7818
8868	7819
5576	7820
3152	7821
9825	7822
578	7823
1967	7824
659	7825
208	7826
8541	7827
122	7828
7833	7829
1723	7830
7896	7831
3802	7832
4637	7833
1037	7834
3047	7835
1231	7836
4223	7837
2890	7838
175	7839
9191	7840
8122	7841
6241	7842
7209	7843
8907	7844
1171	7845
6553	7846
9488	7847
5488	7848
540	7849
1301	7850
3176	7851
1579	7852
2453	7853
5082	7854
8942	7855
7257	7856
4891	7857
5752	7858
5500	7859
5352	7860
7573	7861
4827	7862
374	7863
3989	7864
220	7865
3921	7866
1031	7867
8848	7868
5612	7869
7438	7870
8311	7871
8435	7872
6411	7873
6374	7874
6339	7875
391	7876
517	7877
5145	7878
3037	7879
2472	7880
7401	7881
1289	7882
3978	7883
7668	7884
338	7885
6167	7886
4766	7887
6287	7888
4083	7889
7675	7890
6463	7891
5918	7892
9518	7893
9304	7894
452	7895
9889	7896
1079	7897
6451	7898
1676	7899
5251	7900
7788	7901
6268	7902
443	7903
8051	7904
4373	7905
4465	7906
4157	7907
3341	7908
6202	7909
3233	7910
6013	7911
966	7912
8269	7913
880	7914
6291	7915
8933	7916
3130	7917
7101	7918
1048	7919
1531	7920
6743	7921
2959	7922
8118	7923
9517	7924
2045	7925
3045	7926
9742	7927
1553	7928
2995	7929
82	7930
2469	7931
3875	7932
5442	7933
981	7934
9940	7935
5979	7936
7751	7937
3208	7938
5362	7939
3460	7940
943	7941
6991	7942
3591	7943
9923	7944
3226	7945
9610	7946
7574	7947
1538	7948
2118	7949
6059	7950
337	7951
8827	7952
6085	7953
827	7954
4665	7955
3131	7956
1428	7957
4577	7958
1915	7959
19	7960
151	7961
3412	7962
2200	7963
5547	7964
9608	7965
1378	7966
4619	7967
6352	7968
5664	7969
2745	7970
2540	7971
7124	7972
1342	7973
8929	7974
190	7975
96	7976
4429	7977
65	7978
207	7979
8229	7980
7361	7981
4883	7982
1668	7983
9170	7984
3952	7985
7944	7986
4580	7987
5504	7988
2278	7989
7059	7990
3550	7991
534	7992
5696	7993
9555	7994
6469	7995
9873	7996
5624	7997
378	7998
5302	7999
3502	8000
434	8001
5695	8002
4097	8003
2338	8004
932	8005
7035	8006
7718	8007
3639	8008
8306	8009
7741	8010
7561	8011
8733	8012
3973	8013
9652	8014
4220	8015
7346	8016
6108	8017
2674	8018
9740	8019
904	8020
8887	8021
5172	8022
1799	8023
9668	8024
5359	8025
1444	8026
701	8027
5625	8028
5924	8029
2081	8030
9851	8031
5925	8032
1867	8033
5016	8034
1660	8035
2	8036
9346	8037
18	8038
4453	8039
2376	8040
3736	8041
9589	8042
4933	8043
488	8044
8897	8045
3021	8046
6686	8047
3166	8048
3044	8049
533	8050
6267	8051
2735	8052
2896	8053
1208	8054
6265	8055
8331	8056
4780	8057
2576	8058
5455	8059
344	8060
8212	8061
9046	8062
8853	8063
3728	8064
7969	8065
6192	8066
2773	8067
7708	8068
1191	8069
5756	8070
5495	8071
2316	8072
511	8073
375	8074
9861	8075
6384	8076
2312	8077
4760	8078
6305	8079
5743	8080
7289	8081
3877	8082
8338	8083
3824	8084
6189	8085
2903	8086
8911	8087
273	8088
9596	8089
7014	8090
7327	8091
4016	8092
6428	8093
3173	8094
9099	8095
2135	8096
5238	8097
4439	8098
6127	8099
9542	8100
2430	8101
3698	8102
6847	8103
4379	8104
3609	8105
7899	8106
3677	8107
2346	8108
2173	8109
4677	8110
1654	8111
8633	8112
9751	8113
2088	8114
3397	8115
1902	8116
8631	8117
5193	8118
1286	8119
5957	8120
6176	8121
8960	8122
7526	8123
4548	8124
9860	8125
7099	8126
9507	8127
9402	8128
5095	8129
1459	8130
7199	8131
7936	8132
69	8133
3474	8134
4363	8135
5430	8136
2158	8137
7731	8138
5575	8139
6082	8140
7427	8141
7487	8142
9619	8143
5169	8144
7047	8145
2782	8146
4293	8147
9442	8148
4108	8149
6153	8150
9165	8151
9066	8152
8964	8153
7737	8154
456	8155
1085	8156
4039	8157
546	8158
30	8159
5324	8160
3179	8161
1472	8162
4196	8163
9524	8164
2515	8165
3766	8166
954	8167
8756	8168
1051	8169
9570	8170
213	8171
4672	8172
6503	8173
6111	8174
5466	8175
1373	8176
5540	8177
4722	8178
1241	8179
6642	8180
2454	8181
849	8182
3217	8183
2633	8184
3362	8185
9594	8186
6234	8187
3845	8188
2138	8189
8392	8190
5206	8191
4163	8192
5692	8193
5202	8194
1852	8195
5502	8196
4501	8197
1419	8198
3699	8199
4644	8200
4437	8201
1034	8202
2902	8203
516	8204
2766	8205
6888	8206
4833	8207
2645	8208
6655	8209
7110	8210
1547	8211
7971	8212
8248	8213
9144	8214
5382	8215
935	8216
3984	8217
8559	8218
9924	8219
329	8220
3578	8221
5571	8222
2934	8223
9256	8224
4975	8225
3466	8226
3310	8227
5660	8228
3190	8229
8024	8230
8138	8231
579	8232
7476	8233
8390	8234
5280	8235
9192	8236
7256	8237
1701	8238
8752	8239
6485	8240
4081	8241
2904	8242
8012	8243
8354	8244
4370	8245
296	8246
3588	8247
458	8248
973	8249
7453	8250
3373	8251
4721	8252
1991	8253
6785	8254
5298	8255
7527	8256
9095	8257
6874	8258
203	8259
1509	8260
8449	8261
7776	8262
6086	8263
1251	8264
64	8265
497	8266
2999	8267
9162	8268
2065	8269
7666	8270
6073	8271
6194	8272
3851	8273
4184	8274
3393	8275
4773	8276
4100	8277
2273	8278
3443	8279
1429	8280
6869	8281
2369	8282
5963	8283
8083	8284
1426	8285
906	8286
9070	8287
7366	8288
2950	8289
8924	8290
9289	8291
4792	8292
7507	8293
1291	8294
5156	8295
5199	8296
8659	8297
6226	8298
4504	8299
5027	8300
27	8301
4000	8302
4794	8303
2302	8304
5747	8305
3794	8306
5380	8307
6595	8308
422	8309
4055	8310
6459	8311
4627	8312
8468	8313
8420	8314
7816	8315
5943	8316
7565	8317
53	8318
1375	8319
5870	8320
2362	8321
5234	8322
2987	8323
4762	8324
924	8325
2905	8326
5561	8327
5717	8328
5746	8329
2960	8330
7735	8331
802	8332
3442	8333
7755	8334
7754	8335
8751	8336
2143	8337
5213	8338
4980	8339
1808	8340
2715	8341
6706	8342
3889	8343
1201	8344
872	8345
187	8346
4006	8347
9815	8348
2087	8349
1694	8350
7057	8351
5176	8352
2635	8353
1612	8354
8245	8355
7187	8356
1708	8357
5391	8358
2638	8359
1942	8360
136	8361
4744	8362
6054	8363
926	8364
5314	8365
8795	8366
3828	8367
5322	8368
228	8369
8202	8370
5281	8371
6434	8372
3059	8373
5693	8374
8998	8375
314	8376
3529	8377
8708	8378
4964	8379
9544	8380
9699	8381
5542	8382
6037	8383
639	8384
3720	8385
4899	8386
1014	8387
3029	8388
5586	8389
7657	8390
7029	8391
1309	8392
9681	8393
8663	8394
2636	8395
2916	8396
2683	8397
1917	8398
628	8399
623	8400
3836	8401
5459	8402
6629	8403
7032	8404
5607	8405
8613	8406
9385	8407
4905	8408
4533	8409
4376	8410
29	8411
3155	8412
7613	8413
2022	8414
1836	8415
6130	8416
8415	8417
1244	8418
779	8419
2889	8420
7054	8421
9277	8422
7553	8423
8000	8424
2761	8425
5249	8426
6263	8427
538	8428
819	8429
1978	8430
3057	8431
4996	8432
285	8433
2300	8434
6856	8435
6048	8436
2353	8437
3705	8438
9839	8439
8771	8440
6431	8441
7578	8442
6800	8443
5698	8444
893	8445
5702	8446
2480	8447
5397	8448
4700	8449
9153	8450
8813	8451
6844	8452
1032	8453
992	8454
4292	8455
9635	8456
9909	8457
1101	8458
1060	8459
5597	8460
66	8461
2908	8462
1240	8463
8352	8464
2085	8465
2189	8466
7917	8467
5187	8468
6682	8469
4770	8470
3211	8471
8193	8472
7264	8473
2426	8474
9480	8475
4272	8476
7911	8477
5425	8478
3607	8479
1121	8480
1986	8481
576	8482
7268	8483
714	8484
149	8485
866	8486
2129	8487
2148	8488
8552	8489
9516	8490
1539	8491
2980	8492
9308	8493
5709	8494
1447	8495
4516	8496
9011	8497
1503	8498
8201	8499
8775	8500
2568	8501
9149	8502
5418	8503
6968	8504
2833	8505
9123	8506
2348	8507
547	8508
6269	8509
5614	8510
820	8511
8553	8512
4527	8513
2155	8514
7957	8515
4907	8516
9280	8517
9352	8518
2613	8519
9579	8520
7891	8521
1778	8522
8685	8523
3307	8524
6773	8525
2078	8526
5389	8527
7955	8528
1959	8529
9844	8530
447	8531
7455	8532
1353	8533
63	8534
3110	8535
8653	8536
5879	8537
582	8538
7645	8539
2233	8540
5137	8541
7536	8542
7973	8543
7919	8544
9662	8545
2072	8546
9214	8547
9078	8548
4731	8549
1178	8550
2610	8551
4436	8552
2756	8553
407	8554
8379	8555
7686	8556
4552	8557
938	8558
6063	8559
7003	8560
6190	8561
3740	8562
8817	8563
749	8564
7296	8565
1507	8566
5033	8567
9836	8568
3136	8569
7529	8570
5917	8571
403	8572
8746	8573
1546	8574
4974	8575
1747	8576
5898	8577
8840	8578
3398	8579
7077	8580
9875	8581
7696	8582
4450	8583
8325	8584
8178	8585
6944	8586
7189	8587
5028	8588
8228	8589
9852	8590
6230	8591
6889	8592
2828	8593
3606	8594
5647	8595
796	8596
4219	8597
8389	8598
3031	8599
1371	8600
6112	8601
2421	8602
6580	8603
3076	8604
5372	8605
5649	8606
695	8607
869	8608
2265	8609
7747	8610
4164	8611
4093	8612
730	8613
3409	8614
2420	8615
3361	8616
1972	8617
8687	8618
2542	8619
4229	8620
7024	8621
9703	8622
3003	8623
759	8624
9050	8625
3922	8626
9470	8627
2394	8628
7570	8629
8027	8630
5745	8631
5276	8632
6481	8633
5528	8634
2097	8635
8399	8636
4222	8637
7031	8638
5544	8639
371	8640
2040	8641
2491	8642
9371	8643
4690	8644
7320	8645
7523	8646
5844	8647
1605	8648
2106	8649
3116	8650
5628	8651
7116	8652
6814	8653
7277	8654
8054	8655
8396	8656
2653	8657
1084	8658
7495	8659
3536	8660
2822	8661
886	8662
596	8663
6938	8664
530	8665
6134	8666
5851	8667
7387	8668
8047	8669
2893	8670
9027	8671
2836	8672
5377	8673
1824	8674
7742	8675
8976	8676
9109	8677
7385	8678
6887	8679
9910	8680
2805	8681
5081	8682
5984	8683
7012	8684
9449	8685
97	8686
1293	8687
6992	8688
432	8689
1974	8690
3564	8691
5363	8692
2122	8693
7152	8694
4663	8695
7454	8696
1716	8697
8028	8698
9564	8699
1362	8700
9665	8701
1615	8702
4203	8703
6524	8704
1325	8705
7347	8706
6738	8707
7738	8708
1773	8709
7376	8710
6945	8711
2341	8712
3686	8713
4685	8714
914	8715
6129	8716
7185	8717
920	8718
4845	8719
9381	8720
22	8721
5598	8722
7643	8723
6403	8724
5291	8725
7447	8726
4071	8727
6026	8728
4791	8729
3891	8730
7343	8731
8292	8732
2897	8733
6164	8734
568	8735
1146	8736
8611	8737
9213	8738
3506	8739
4752	8740
9618	8741
2224	8742
6196	8743
7509	8744
5840	8745
641	8746
4953	8747
3992	8748
6598	8749
8098	8750
9799	8751
2900	8752
8294	8753
5908	8754
6558	8755
595	8756
3428	8757
9812	8758
7779	8759
1164	8760
5903	8761
7030	8762
5656	8763
3672	8764
8209	8765
2178	8766
7479	8767
9460	8768
2526	8769
2092	8770
624	8771
4714	8772
5857	8773
5019	8774
6432	8775
6415	8776
2614	8777
6958	8778
824	8779
5265	8780
2940	8781
155	8782
274	8783
7799	8784
4232	8785
8505	8786
9639	8787
1093	8788
380	8789
6361	8790
8221	8791
1360	8792
2794	8793
6965	8794
4162	8795
4837	8796
2163	8797
9509	8798
5843	8799
5632	8800
7469	8801
6211	8802
6654	8803
9187	8804
594	8805
3561	8806
8073	8807
3247	8808
257	8809
6442	8810
2505	8811
7015	8812
7883	8813
4651	8814
1912	8815
1260	8816
510	8817
2071	8818
7605	8819
9350	8820
7637	8821
7684	8822
8162	8823
9316	8824
262	8825
8996	8826
1833	8827
7959	8828
2379	8829
1797	8830
925	8831
8272	8832
123	8833
8619	8834
1081	8835
3894	8836
3743	8837
7734	8838
6320	8839
945	8840
7880	8841
997	8842
7006	8843
7710	8844
8573	8845
3032	8846
1382	8847
3384	8848
7538	8849
8872	8850
9630	8851
6871	8852
9020	8853
8550	8854
8112	8855
1245	8856
1512	8857
2880	8858
4295	8859
8913	8860
2141	8861
8289	8862
4228	8863
2675	8864
3960	8865
5640	8866
4750	8867
1436	8868
4958	8869
1776	8870
1837	8871
7313	8872
7496	8873
6139	8874
2239	8875
1742	8876
2918	8877
3024	8878
7005	8879
6667	8880
4866	8881
5117	8882
7589	8883
2297	8884
2242	8885
8811	8886
3177	8887
554	8888
7790	8889
8546	8890
1924	8891
6115	8892
4695	8893
4261	8894
4137	8895
1850	8896
1166	8897
853	8898
4257	8899
9691	8900
9445	8901
2984	8902
6347	8903
3823	8904
419	8905
1040	8906
1124	8907
6828	8908
1184	8909
6937	8910
6171	8911
3571	8912
4378	8913
7089	8914
2806	8915
6478	8916
1603	8917
8350	8918
6913	8919
6493	8920
6039	8921
2559	8922
3582	8923
5854	8924
7340	8925
3432	8926
278	8927
121	8928
244	8929
5177	8930
7501	8931
7306	8932
6393	8933
8882	8934
3696	8935
7876	8936
553	8937
1892	8938
6689	8939
2914	8940
3260	8941
7901	8942
6707	8943
5350	8944
8304	8945
8019	8946
4606	8947
4500	8948
7711	8949
4321	8950
9044	8951
2441	8952
4260	8953
3831	8954
3423	8955
8501	8956
3742	8957
889	8958
9871	8959
8810	8960
1335	8961
3138	8962
4369	8963
7499	8964
7122	8965
1895	8966
6610	8967
8759	8968
2709	8969
5841	8970
3077	8971
5927	8972
4206	8973
9941	8974
6273	8975
8561	8976
9246	8977
7016	8978
2004	8979
5711	8980
3258	8981
1911	8982
6892	8983
7511	8984
9916	8985
4747	8986
8632	8987
5160	8988
2545	8989
7811	8990
7139	8991
4089	8992
8251	8993
7131	8994
947	8995
4471	8996
8348	8997
7497	8998
1874	8999
5475	9000
2020	9001
6341	9002
6710	9003
2289	9004
8847	9005
6721	9006
9137	9007
9614	9008
2861	9009
2808	9010
6296	9011
5154	9012
6787	9013
7695	9014
9416	9015
28	9016
3704	9017
5152	9018
1664	9019
7786	9020
3387	9021
603	9022
3826	9023
663	9024
6795	9025
8728	9026
9377	9027
84	9028
9655	9029
7011	9030
9114	9031
2455	9032
5580	9033
9147	9034
131	9035
3807	9036
3420	9037
5553	9038
2595	9039
5100	9040
9818	9041
1327	9042
4694	9043
964	9044
3095	9045
3004	9046
270	9047
5549	9048
4898	9049
3033	9050
8920	9051
7785	9052
7175	9053
9447	9054
1053	9055
613	9056
8722	9057
5195	9058
8947	9059
3546	9060
6414	9061
1141	9062
8255	9063
8040	9064
9497	9065
9826	9066
7762	9067
450	9068
2831	9069
7066	9070
3053	9071
6720	9072
8860	9073
3559	9074
9620	9075
4318	9076
9876	9077
4604	9078
7598	9079
7810	9080
4202	9081
8356	9082
8623	9083
161	9084
2511	9085
3463	9086
3776	9087
6079	9088
6865	9089
8474	9090
5808	9091
5566	9092
4221	9093
8053	9094
790	9095
9733	9096
8533	9097
2225	9098
2450	9099
3725	9100
349	9101
3102	9102
4382	9103
9598	9104
1205	9105
1056	9106
8564	9107
3078	9108
3348	9109
9174	9110
3134	9111
3910	9112
2804	9113
4065	9114
1882	9115
6739	9116
3195	9117
383	9118
801	9119
8114	9120
3883	9121
1112	9122
9671	9123
4087	9124
5568	9125
6541	9126
394	9127
3788	9128
464	9129
3266	9130
2637	9131
3930	9132
2359	9133
8656	9134
8437	9135
7225	9136
3369	9137
812	9138
4888	9139
4332	9140
3497	9141
114	9142
7205	9143
4430	9144
1206	9145
6794	9146
7186	9147
9262	9148
5491	9149
5123	9150
1321	9151
3777	9152
9126	9153
5774	9154
1476	9155
5337	9156
7478	9157
3368	9158
6632	9159
1955	9160
8974	9161
2936	9162
2532	9163
999	9164
4316	9165
5253	9166
9222	9167
9657	9168
1095	9169
7141	9170
9597	9171
4655	9172
4758	9173
3008	9174
3292	9175
2414	9176
5452	9177
3345	9178
9936	9179
3458	9180
1199	9181
3319	9182
5852	9183
2853	9184
302	9185
5256	9186
7407	9187
5783	9188
1219	9189
2599	9190
1256	9191
565	9192
8823	9193
7388	9194
6875	9195
7323	9196
978	9197
3895	9198
3575	9199
4242	9200
2611	9201
5405	9202
4871	9203
2963	9204
1946	9205
9891	9206
1094	9207
3963	9208
5730	9209
5334	9210
8803	9211
5760	9212
4366	9213
7292	9214
8391	9215
7813	9216
5277	9217
6788	9218
4711	9219
5670	9220
7514	9221
7265	9222
5618	9223
3012	9224
3840	9225
1857	9226
93	9227
9755	9228
6782	9229
7241	9230
6423	9231
5534	9232
1160	9233
2931	9234
4418	9235
310	9236
637	9237
8060	9238
8828	9239
6866	9240
5922	9241
2255	9242
1695	9243
7576	9244
9629	9245
2601	9246
1435	9247
9675	9248
5886	9249
7638	9250
6613	9251
4115	9252
9494	9253
1973	9254
8511	9255
1303	9256
7360	9257
7867	9258
2343	9259
5956	9260
5729	9261
2299	9262
6964	9263
2912	9264
4183	9265
7182	9266
1831	9267
6736	9268
3818	9269
6838	9270
1560	9271
8738	9272
8411	9273
4869	9274
7025	9275
1421	9276
7881	9277
808	9278
269	9279
7142	9280
6131	9281
5557	9282
5248	9283
2753	9284
4084	9285
4485	9286
3230	9287
2048	9288
5827	9289
5741	9290
2461	9291
9912	9292
1091	9293
669	9294
7855	9295
7399	9296
4265	9297
9474	9298
8444	9299
894	9300
5834	9301
763	9302
4719	9303
9082	9304
3768	9305
2860	9306
8608	9307
1968	9308
843	9309
3641	9310
1300	9311
9224	9312
6229	9313
2864	9314
4101	9315
6832	9316
5151	9317
1071	9318
1691	9319
5482	9320
7405	9321
4107	9322
3520	9323
2803	9324
2978	9325
7994	9326
3926	9327
5321	9328
6516	9329
8213	9330
5090	9331
4408	9332
6533	9333
7914	9334
4588	9335
3631	9336
3814	9337
3702	9338
6922	9339
7378	9340
7328	9341
3584	9342
7128	9343
2438	9344
7055	9345
1726	9346
9882	9347
5071	9348
5718	9349
4407	9350
3554	9351
1904	9352
829	9353
5509	9354
1960	9355
364	9356
5462	9357
766	9358
9719	9359
3603	9360
5988	9361
9622	9362
3203	9363
9689	9364
5109	9365
9263	9366
6224	9367
4832	9368
2634	9369
9511	9370
7163	9371
7949	9372
6603	9373
4433	9374
6109	9375
6562	9376
1105	9377
1591	9378
4618	9379
7446	9380
8584	9381
176	9382
2076	9383
152	9384
1363	9385
5881	9386
6172	9387
1731	9388
2132	9389
5318	9390
815	9391
2270	9392
1004	9393
5861	9394
2090	9395
4506	9396
9061	9397
6188	9398
5300	9399
8378	9400
7402	9401
6977	9402
7230	9403
715	9404
5032	9405
8869	9406
9107	9407
702	9408
5801	9409
5577	9410
5293	9411
9179	9412
3376	9413
7095	9414
7357	9415
4339	9416
5381	9417
7304	9418
4027	9419
1556	9420
7524	9421
8966	9422
8716	9423
8301	9424
12	9425
3322	9426
8458	9427
7801	9428
7010	9429
9216	9430
1698	9431
3006	9432
1948	9433
8654	9434
5736	9435
31	9436
9009	9437
1611	9438
6587	9439
1284	9440
8647	9441
3187	9442
4481	9443
8124	9444
1899	9445
37	9446
4427	9447
1313	9448
2112	9449
3839	9450
9330	9451
1305	9452
733	9453
3309	9454
4673	9455
7272	9456
6519	9457
6032	9458
8748	9459
7151	9460
5845	9461
2188	9462
2990	9463
6005	9464
9880	9465
9855	9466
8425	9467
8831	9468
3853	9469
4643	9470
5782	9471
1644	9472
7641	9473
2068	9474
8642	9475
1686	9476
4767	9477
393	9478
7650	9479
990	9480
1463	9481
8607	9482
728	9483
5630	9484
2979	9485
5543	9486
4573	9487
4390	9488
9215	9489
2028	9490
3745	9491
4496	9492
6898	9493
6537	9494
376	9495
8403	9496
3240	9497
9355	9498
7725	9499
5776	9500
9760	9501
4865	9502
1780	9503
9275	9504
7390	9505
2197	9506
5031	9507
1318	9508
572	9509
2510	9510
44	9511
2268	9512
9037	9513
3787	9514
4593	9515
1627	9516
2145	9517
71	9518
9951	9519
9407	9520
3859	9521
4346	9522
186	9523
7823	9524
3750	9525
4511	9526
8206	9527
674	9528
4689	9529
9332	9530
2585	9531
2643	9532
6883	9533
1439	9534
3779	9535
6277	9536
8373	9537
7305	9538
9365	9539
3416	9540
2558	9541
5390	9542
6240	9543
2184	9544
2205	9545
4488	9546
6489	9547
6275	9548
7358	9549
6578	9550
1811	9551
8065	9552
4862	9553
1529	9554
351	9555
4970	9556
6076	9557
3965	9558
9523	9559
9252	9560
7338	9561
9685	9562
8525	9563
6355	9564
1717	9565
901	9566
5744	9567
32	9568
8565	9569
8087	9570
8257	9571
2932	9572
7452	9573
6677	9574
5304	9575
4828	9576
792	9577
851	9578
5890	9579
7394	9580
7458	9581
54	9582
1099	9583
43	9584
4215	9585
6834	9586
800	9587
1009	9588
1993	9589
4797	9590
6185	9591
3164	9592
7207	9593
4701	9594
5368	9595
3770	9596
852	9597
7337	9598
2103	9599
5791	9600
5024	9601
7060	9602
8852	9603
4543	9604
3756	9605
8793	9606
8884	9607
5306	9608
4520	9609
9343	9610
2956	9611
1268	9612
94	9613
7126	9614
3871	9615
4793	9616
9932	9617
8782	9618
4077	9619
8093	9620
9370	9621
6091	9622
5126	9623
3923	9624
5849	9625
1198	9626
4796	9627
8569	9628
2790	9629
4908	9630
7475	9631
6811	9632
6350	9633
3101	9634
6391	9635
1281	9636
5697	9637
3084	9638
2703	9639
235	9640
9178	9641
490	9642
5522	9643
9261	9644
734	9645
299	9646
6494	9647
5045	9648
3115	9649
922	9650
4998	9651
9771	9652
7334	9653
1144	9654
7020	9655
620	9656
4540	9657
9083	9658
7531	9659
6684	9660
6745	9661
5872	9662
8148	9663
6970	9664
1652	9665
3988	9666
8022	9667
7515	9668
1927	9669
741	9670
1356	9671
2816	9672
316	9673
6306	9674
9130	9675
7001	9676
141	9677
1065	9678
9854	9679
4235	9680
5939	9681
726	9682
6001	9683
9076	9684
3435	9685
2690	9686
9091	9687
6157	9688
2718	9689
8949	9690
2888	9691
1625	9692
6351	9693
4887	9694
7482	9695
4652	9696
8260	9697
5244	9698
9286	9699
7700	9700
7483	9701
8059	9702
2360	9703
2372	9704
6942	9705
6870	9706
2547	9707
2935	9708
2911	9709
957	9710
8393	9711
9948	9712
9372	9713
8090	9714
7435	9715
794	9716
9002	9717
8395	9718
2354	9719
8497	9720
5121	9721
3642	9722
3535	9723
3979	9724
7333	9725
2556	9726
9743	9727
8778	9728
8878	9729
1489	9730
2084	9731
2459	9732
5218	9733
8937	9734
7784	9735
1786	9736
2784	9737
8628	9738
4620	9739
1518	9740
1871	9741
8579	9742
1043	9743
8978	9744
7586	9745
2005	9746
4237	9747
5003	9748
7528	9749
2384	9750
3289	9751
955	9752
4981	9753
8696	9754
3733	9755
5868	9756
3197	9757
1119	9758
6034	9759
6768	9760
318	9761
1369	9762
9312	9763
2477	9764
4490	9765
7253	9766
5658	9767
7763	9768
2007	9769
9881	9770
3172	9771
9366	9772
4124	9773
5629	9774
9001	9775
5942	9776
6729	9777
8346	9778
5599	9779
9294	9780
1684	9781
4141	9782
4967	9783
751	9784
7498	9785
8008	9786
6850	9787
8725	9788
3411	9789
9574	9790
4715	9791
5216	9792
5356	9793
7525	9794
1829	9795
8305	9796
342	9797
25	9798
3326	9799
5667	9800
1418	9801
6815	9802
1920	9803
2186	9804
686	9805
4562	9806
9816	9807
2628	9808
3061	9809
8990	9810
8460	9811
1736	9812
1719	9813
8170	9814
712	9815
7282	9816
7076	9817
7692	9818
179	9819
2768	9820
1930	9821
1267	9822
1402	9823
9320	9824
8189	9825
6009	9826
1265	9827
1462	9828
1635	9829
2168	9830
9822	9831
5532	9832
7921	9833
8436	9834
9602	9835
7119	9836
8818	9837
9437	9838
5327	9839
1479	9840
4320	9841
690	9842
7979	9843
4614	9844
5460	9845
986	9846
3914	9847
7630	9848
7052	9849
2371	9850
6809	9851
3562	9852
7707	9853
1760	9854
7120	9855
5769	9856
2287	9857
9265	9858
3119	9859
8861	9860
3427	9861
8877	9862
7198	9863
6019	9864
6163	9865
8461	9866
6029	9867
8422	9868
3835	9869
6825	9870
671	9871
2514	9872
7925	9873
4452	9874
332	9875
4254	9876
750	9877
4639	9878
9567	9879
5966	9880
764	9881
1970	9882
6702	9883
2166	9884
2401	9885
4152	9886
3865	9887
9406	9888
3500	9889
5679	9890
3800	9891
6566	9892
1521	9893
4005	9894
6142	9895
7915	9896
6727	9897
8981	9898
3471	9899
8475	9900
3886	9901
8539	9902
4709	9903
9369	9904
2083	9905
9053	9906
4987	9907
232	9908
704	9909
9609	9910
1839	9911
6918	9912
4965	9913
5373	9914
8779	9915
2666	9916
1540	9917
1002	9918
4043	9919
7992	9920
3553	9921
597	9922
5262	9923
7063	9924
9071	9925
7662	9926
3052	9927
4106	9928
2865	9929
6395	9930
683	9931
1269	9932
6237	9933
6405	9934
8792	9935
7809	9936
3285	9937
8079	9938
7789	9939
3945	9940
8058	9941
781	9942
6633	9943
7165	9944
3908	9945
7760	9946
9835	9947
3125	9948
2798	9949
9441	9950
3291	9951
6455	9952
7680	9953
691	9954
8921	9955
3507	9956
3175	9957
3241	9958
9864	9959
418	9960
2958	9961
5704	9962
7946	9963
4804	9964
2013	9965
9110	9966
1045	9967
3191	9968
7592	9969
7858	9970
8554	9971
6907	9972
2198	9973
1604	9974
4413	9975
436	9976
3481	9977
8856	9978
4241	9979
3544	9980
5920	9981
8799	9982
8841	9983
1448	9984
8532	9985
3983	9986
2677	9987
39	9988
6281	9989
9706	9990
4925	9991
253	9992
5961	9993
1642	9994
61	9995
8630	9996
4305	9997
5941	9998
3499	9999
9848	10000
